Locus Pairwise estimates

gst = Nei & Chesser, 1983
Gst = Hedrick, 2005
GGst = Meirmans & Hedrick, (2011)
D = Jost, 2008
Fst = Weir & Cockerham, 1984

gst

Loci	sid98,  vs  sid75,	sid98,  vs  sid50,	sid98,  vs  sid1,	sid75,  vs  sid50,	sid75,  vs  sid1,	sid50,  vs  sid1,
MAL01-145461	0.0448	0.097	0.0164	0.0115	0.0045	0.0389
MAL01-167547	0.0277	0.0057	0.0088	0.0672	0.0734	-0.0027
MAL01-389906	-0.0036	0.0488	-6e-04	0.0364	-0.0034	0.0319
MAL02-131505	-0.0043	0.1158	0.0706	0.1164	0.0709	0.0041
MAL02-194835	0.016	0.2049	0.1522	0.1009	0.063	0.0022
MAL02-255652	0.0692	0.139	0.2106	0.0087	0.0417	0.0076
MAL02-290673	0.2603	0.4055	0.2259	0.0198	-0.002	0.0356
MAL02-294544	-0.0029	0.0927	-0.002	0.1122	2e-04	0.0811
MAL02-297021	0.2471	0.3887	0.2185	0.0188	-0.0024	0.0321
MAL02-322398	0.2117	0.3072	0.1416	0.008	0.0052	0.0387
MAL02-417203	0.018	0.0298	0.0224	0.0951	-0.0036	0.1017
MAL02-510210	0.0649	0.0653	0.2818	-0.0046	0.0954	0.0966
MAL02-514461	0.0089	-0.0033	0.0962	0.0116	0.0378	0.1035
MAL02-569613	0.006	0.0371	0.0399	0.0059	0.0079	-0.0028
MAL02-608790	-0.0043	0.0198	0.0616	0.0161	0.0647	0.1551
MAL02-660994	-0.0034	0.2447	0.0079	0.2178	0.0139	0.3334
MAL02-680916	0.0589	0.1174	0.0893	0.0102	1e-04	0.0011
MAL02-723983	0.0443	0.2601	0.0729	0.1081	-5e-04	0.0812
MAL02-792270	0.0055	0.0445	0.0527	0.0911	0.0155	0.1835
MAL03-139623	-0.001	0.0161	0.0154	0.0284	0.0027	0.0545
MAL03-192822	0.0447	0.0828	0.1155	0.0011	0.0125	-1e-04
MAL03-355045	0.005	0.0471	0.0539	0.0128	0.0174	-0.0026
MAL03-666808	-0.0026	0.0145	0.0646	0.0043	0.0468	0.0174
MAL03-714600	0.0019	0.3083	-0.0025	0.354	0.0034	0.3051
MAL03-849722	0.0123	0.0366	0.0374	0.0062	0.0071	NaN
MAL04-134941	0.1642	0.11	0.1709	0.4735	-0.0035	0.4812
MAL04-163143	0.0234	0.0127	0.0021	-0.0023	0.0115	0.0026
MAL04-193196	0.0636	0.0786	0.1079	-0.0033	0.0088	0.0037
MAL04-273727	-0.0042	0.0791	0.006	0.084	0.007	0.0363
MAL04-282592	0.0043	-0.0019	0.0023	0.0115	0.0191	-0.0017
MAL04-307321	0.0065	0.0039	0.0214	-0.0039	0.0013	0.0058
MAL04-342497	0.0834	0.1436	0.0511	0.0042	8e-04	0.0229
MAL04-361423	0.0422	0.0966	0.0188	0.0064	0.0014	0.0276
MAL04-422595	-0.0037	0.0539	-0.0026	0.0422	-0.0031	0.0546
MAL04-441887	0.0362	0.0081	0.038	0.0104	NaN	0.0121
MAL04-469608	0.0065	0.0685	0.0212	0.04	0.0012	0.0206
MAL04-515294	0.0472	0.0778	0.0269	0.2397	-4e-04	0.1953
MAL04-544408	-0.004	0.0024	4e-04	-8e-04	-0.0021	-0.0023
MAL04-637111	0.289	-0.0028	0.0771	0.2651	0.0785	0.0633
MAL04-666150	0.1015	-0.0035	0.1001	0.1007	-0.0036	0.0993
MAL04-680633	0.0494	0.3592	0.0131	0.1538	0.0083	0.2437
MAL04-702725	0.0047	0.2962	0.0169	0.3642	0.0472	0.1864
MAL04-755220	0.5317	0.8497	0.697	0.0928	0.0201	0.0312
MAL04-772972	0.2124	0.0107	0.1843	0.1232	-0.0023	0.1014
MAL04-799238	0.1678	0.0183	0.0549	0.2895	0.0302	0.1395
MAL04-809686	0.3047	0.3163	0.2912	-0.0039	-0.0027	1e-04
MAL04-846290	0.0312	0.0586	0.0187	0.0062	-0.001	0.0169
MAL04-872322	-0.004	0.0482	0.1048	0.0548	0.0933	0.2755
MAL04-894155	0.0084	NaN	0.0334	0.0082	0.0058	0.0331
MAL04-895873	0.0553	0.017	0.0373	0.0067	-0.0014	7e-04
MAL04-915180	0.0287	0.0347	0.0131	-0.0042	0.0024	0.0064
MAL04-934434	0.0999	0.0365	0.0383	0.2439	0.012	0.1475
MAL04-936350	0.0604	0.0482	0.0981	0.208	7e-04	0.2655
MAL04-991586	0.1939	-0.003	0.0997	0.1777	0.0145	0.0875
MAL04-994352	0.0312	0.0259	-0.0011	0.1198	0.0187	0.041
MAL05-132132	0.0831	0.2938	0.1712	0.0703	0.0136	0.0181
MAL05-144161	0.0759	-0.0034	0.0915	0.0809	-0.0029	0.0967
MAL05-192222	0.5207	0.4033	0.3465	0.0096	0.0271	5e-04
MAL05-329493	0.0235	-0.002	0.0261	0.012	-0.0036	0.0144
MAL05-364227	0.1264	0.0292	0.1106	0.0395	-0.0028	0.0299
MAL05-369684	0.1476	0.0839	0.2686	0.0065	0.0283	0.0704
MAL05-383150	0.0143	0.0238	0.0124	-0.0036	-0.0034	-8e-04
MAL05-396039	0.1889	0.3993	0.2424	0.0619	6e-04	0.0374
MAL05-426361	0.0437	0	0.1297	0.0684	0.0211	0.1641
MAL05-475275	0.1611	0.5389	0.1771	0.1434	-0.0034	0.1321
MAL05-622362	0.2054	0.603	0.1276	0.1453	0.0086	0.234
MAL05-668859	0.2083	0.0148	0.3448	0.1301	0.0214	0.2535
MAL05-680743	0.0378	0.1612	0.0824	0.0465	0.0049	0.017
MAL05-734299	0.0294	0.0194	0.0992	-0.0026	0.0289	0.0453
MAL05-796712	0.0914	0.013	0.0739	0.1648	-0.0024	0.1426
MAL05-798464	-0.0015	0.1046	1e-04	0.133	-0.0037	0.134
MAL05-831868	0.0041	0.1292	-0.0017	0.0725	0.0111	0.1505
MAL05-855820	0.1833	0.0091	0.3539	0.1034	0.0385	0.2498
MAL05-908821	0.1037	0.0381	0.2501	0.0126	0.0327	0.0983
MAL05-931601	0.0011	0.0348	0.0857	0.0658	0.0477	0.2206
MAL05-1043649	0.2104	0.5217	0.1292	0.1077	0.008	0.1788
MAL05-1188652	0.0119	0.2115	-0.0017	0.126	0.0057	0.1898
MAL05-1217046	0.2477	0.4537	0.2716	0.0387	-0.003	0.0309
MAL06-148357	0.0519	0.0191	0.042	0.0094	-0.0024	0.0042
MAL06-159081	0.2761	0.5652	0.5255	0.0746	0.056	-0.0012
MAL06-182962	0.0058	0.0449	-0.0015	0.0101	8e-04	0.0322
MAL06-261657	0.0118	0.038	0.0109	0.0016	-0.0035	0.005
MAL06-312410	0.0512	0.3255	0.021	0.1286	0.0035	0.1935
MAL06-315729	NaN	NaN	0.0612	NaN	0.0601	0.0609
MAL06-327977	0.0647	0.2497	0.1397	0.0645	0.0111	0.0186
MAL06-378824	0.0612	0.1171	0.0877	0.0115	-4e-04	0.0027
MAL06-404675	-0.0042	0.0162	0.0596	0.0172	0.0545	0.1083
MAL06-417465	0.0335	0.0455	0.0907	-0.0043	0.0208	0.0148
MAL06-510590	-0.0042	0.0162	0.0638	0.0172	0.0587	0.1131
MAL06-581030	0.2933	0.371	0.1069	0.0115	0.0598	0.1153
MAL06-654198	-9e-04	0.0147	-4e-04	0.0014	0.0073	0.0297
MAL06-909067	0.0218	-0.0012	0.0025	0.0095	0.0438	0.0104
MAL06-938236	0.1406	0.5783	0.1252	0.1937	-0.003	0.2165
MAL07-178000	0.0537	0.011	0.2589	0.0106	0.0792	0.1601
MAL07-277102	0.1027	0.003	0.1821	0.1482	0.0094	0.2358
MAL07-281602	0.0608	-0.0034	0.0025	0.0568	0.0846	0.0037
MAL07-283525	0.0093	0.1161	0.0402	0.1949	0.0048	0.272
MAL07-537094	0.0126	0.0095	0.0245	0.0399	-0.0022	0.0541
MAL07-665556	0.001	0.0365	0.0269	0.0172	0.0087	0.001
MAL07-1122074	0.0022	0.0229	0.0237	0.0062	0.0071	NaN
MAL07-1184520	0.1354	-0.0029	0.0893	0.1511	0.002	0.1026
MAL07-1225730	-0.0042	0.1302	0.0367	0.1378	0.0408	0.0284
MAL07-1314717	0.0828	0.003	0.0721	0.1014	-0.0029	0.0904
MAL07-1318034	0.0609	0.1385	0.0692	0.0257	-0.0052	0.0249
MAL08-324349	0.1737	0.5202	0.1182	0.143	0.006	0.2215
MAL08-329153	0.2216	0.2575	0.3063	-0.0032	0.0047	-4e-04
MAL08-414103	0.1669	0.0153	0.277	0.2646	0.0131	0.3889
MAL08-415215	0.367	0.0934	0.5459	0.1232	0.0248	0.2584
MAL08-418882	0.0287	0.3708	0.0013	0.2684	0.0192	0.3576
MAL08-423288	0.0217	0.0347	-0.001	-0.0031	0.0117	0.0225
MAL08-472454	0.2928	0.377	0.3504	0.0098	0.0024	-8e-04
MAL08-477431	0.1619	0.4482	0.4594	0.0887	0.0955	-0.0027
MAL08-502175	0.1721	-0.0031	0.2487	0.1599	0.0056	0.2353
MAL08-506860	0.1721	-7e-04	0.2202	0.2005	1e-04	0.2502
MAL08-510277	-0.0013	-0.0011	-9e-04	-0.0045	-0.0034	-0.0028
MAL08-550806	-0.0015	0.0562	0.084	0.0805	0.056	0.252
MAL08-598974	0.0412	0.1866	0.0956	0.0584	0.0079	0.0207
MAL08-620258	0.2825	0.4486	0.3772	0.0262	0.0063	0.0032
MAL08-682727	0.1648	0.2819	0.205	0.0146	-0.0012	0.0052
MAL08-702678	0.0762	0.0347	0.0501	0.0099	0.0019	-6e-04
MAL08-740413	-0.0033	0.1838	-0.002	0.208	-6e-04	0.1671
MAL08-753870	0.0308	0.0995	0.0815	0.0183	0.0093	-0.0012
MAL08-880658	0.1026	-0.0033	0.0858	0.0959	-0.0024	0.0795
MAL08-992462	0.0219	0.0658	0.0256	0.0068	-0.0036	0.0072
MAL08-998189	0.0759	0.0164	0.0848	0.0166	-0.0036	0.0223
MAL08-1113364	0.0881	0.0944	0.062	-0.0044	-6e-04	0.0013
MAL08-1122713	0.0888	0.2567	0.0075	0.0458	0.0396	0.1739
MAL08-1191793	0.0059	-0.0026	-0.0016	0.0121	0.0012	7e-04
MAL08-1238679	0.1286	0.2638	0.1776	0.0249	8e-04	0.0082
MAL08-1249200	0.0642	0.0651	0.0548	NaN	2e-04	0.0011
MAL09-231063	0.017	0.0294	0.0727	0.0998	0.0138	0.1944
MAL09-265315	0.2524	0.0434	0.3123	0.0905	4e-04	0.1324
MAL09-478750	0.0799	0.2611	0.0042	0.0646	0.0458	0.2093
MAL09-597888	-0.0041	0.0095	0.0104	0.0062	0.0071	NaN
MAL09-634010	0.0163	-8e-04	0.036	0.0318	-0.0017	0.0547
MAL09-917254	0.0402	0.0119	0.0339	0.0092	-0.0029	0.0055
MAL09-1142293	0.0377	0.0889	0.0819	0.2341	0.0056	0.3094
MAL09-1204316	0.0317	0.1172	0.0858	0.0277	0.0113	6e-04
MAL09-1206830	0.0022	0.0229	0.0237	0.0062	0.0071	NaN
MAL10-190158	0.0679	0.2844	0.192	0.0794	0.03	0.0096
MAL10-303698	0.116	0.0019	0.2682	0.1473	0.0389	0.3051
MAL10-996032	0.0033	0.0613	0.0428	0.0242	0.0125	-0.001
MAL10-1047321	0.3715	0.4224	0.4814	-0.0017	0.0097	0.0012
MAL10-1228500	0.0087	0.0095	0.0104	NaN	NaN	NaN
MAL10-1281631	0.0012	0.1701	0.0011	0.123	0.0146	0.2136
MAL10-1322020	0.0179	0.0269	0.017	-0.0034	-0.0035	-6e-04
MAL10-1389364	0.0451	0.0496	0.0755	0.1788	-1e-04	0.2264
MAL10-1391783	0.0062	-0.0031	0.013	0.0102	-0.0031	0.0176
MAL10-1519672	0.0347	0.002	0.0337	0.0591	-0.0037	0.0575
MAL11-386092	-0.0042	0.118	0.0066	0.1134	0.0044	0.0688
MAL11-565294	-0.0034	0.2934	0.0871	0.316	0.1018	0.0717
MAL11-593539	-0.0021	-0.002	0.0525	0.0023	0.0356	0.0647
MAL11-637435	0.0178	0.1264	0.1305	0.2405	0.0507	0.4483
MAL11-683964	0.0956	0.0114	-0.0025	0.0395	0.0935	0.0107
MAL11-753549	-0.0042	-0.0034	0.0756	-0.0045	0.0808	0.0787
MAL11-773903	0.0186	0.0967	-0.0025	0.0322	0.0163	0.0921
MAL11-792549	0.0616	0.0164	0.0299	0.1383	0.0024	0.092
MAL11-828595	0.0791	0.0524	0.0869	-7e-04	-0.0035	0.0027
MAL11-874947	0.1957	-0.0032	0.2433	0.2051	-4e-04	0.2532
MAL11-920191	0.08	0.0117	0.0962	0.0423	-0.0027	0.057
MAL11-968080	-0.002	0.0438	0.0247	0.0255	0.0411	0.1309
MAL11-987252	0.0392	0.0059	0.0325	0.0081	-0.0032	0.0055
MAL11-1020133	-0.0025	0.0563	0.0562	0.074	0.0738	-0.0028
MAL11-1038073	0.0035	0.1315	0.0075	0.0787	-0.0035	0.0742
MAL11-1188633	-0.0043	0.0563	-0.0014	0.0547	-0.0024	0.0732
MAL11-1243997	3e-04	0.0916	0.0047	0.1289	-0.0034	0.1413
MAL11-1271589	0.1564	0.3716	0.1386	0.0621	-0.0028	0.08
MAL11-1275603	0.0954	0.177	0.1119	0.0096	-0.0031	0.0061
MAL11-1295603	0.0043	-0.0019	0.0104	0.0115	0.0293	0.0046
MAL11-1321195	-0.0031	0.0044	0.0369	-0.0015	0.025	0.0115
MAL11-1509521	0.0242	0.0506	7e-04	0.0062	0.0101	0.0336
MAL11-1748611	0.1351	0.0174	0.1638	0.0507	-0.0022	0.0708
MAL11-1752891	0.4489	0.1311	0.5033	0.1207	-0.0014	0.1567
MAL11-1791173	0.1653	0.0122	-0.001	0.1051	0.1507	0.0055
MAL12-175811	0.0869	0.0046	0.1957	0.1445	0.0201	0.2724
MAL12-381783	0.0043	-0.0033	0.0249	0.0019	0.0027	0.0212
MAL12-399322	0.0732	0.0205	0.0045	0.0116	0.0355	0.0023
MAL12-529412	0.1907	0.3108	0.1597	0.0147	-0.0018	0.0297
MAL12-646259	0.0222	0.0292	0.0282	-0.0041	-0.0034	-0.0028
MAL12-698129	0.1422	0.3236	0.0543	0.0556	0.033	0.1735
MAL12-702015	0.0146	-0.0015	0.0035	0.027	2e-04	0.0116
MAL12-726595	0.0016	-0.0021	0.0688	-0.0031	0.0408	0.054
MAL12-802737	0.0396	0.3735	0.0353	0.1827	-0.0035	0.1964
MAL12-839896	0.0978	0.1785	0.2156	0.0104	0.0262	-1e-04
MAL12-857238	0.0055	6e-04	0.0211	0.0217	-5e-04	0.0438
MAL12-858494	-0.0043	-0.0032	0.0062	-0.0042	0.0053	0.0031
MAL12-907255	0.0235	0.0084	-0.0025	0.0669	0.0214	0.011
MAL12-943330	0.0533	0.0024	0.0513	0.0257	-0.0036	0.0246
MAL12-1078311	0.2185	0.2861	0.1947	0.0172	-0.0018	0.0289
MAL12-1156125	4e-04	0.0913	0.0283	0.055	0.008	0.0169
MAL12-1212106	0.1058	0.2522	0.2078	0.0321	0.0154	2e-04
MAL12-1214787	0.0169	0.2174	0.0458	0.1095	0.0022	0.0673
MAL12-1400880	0.0896	0.0017	0.1606	0.1188	0.0096	0.1935
MAL12-1598773	0.0301	0.1481	0.0709	0.0401	0.0041	0.0127
MAL12-1761552	0.1922	0.4285	0.235	0.0701	-0.001	0.0492
MAL12-2046726	0.0201	0.2291	0.0097	0.1152	0.0623	0.3111
MAL12-2050164	0.0559	0.0424	0.0515	-0.0035	-0.0035	-0.0024
MAL12-2119221	0.0218	0.0213	0.112	0.09	0.0302	0.2182
MAL13-150118	0.0143	0.019	-5e-04	0.0731	0.0291	0.0083
MAL13-159660	0.0634	0.1437	0.1324	0.0291	0.0199	0.001
MAL13-353364	0.0425	0.0066	0.2607	0.0092	0.0953	0.1772
MAL13-639415	0.0091	0.0071	0.213	-0.0043	0.1263	0.1362
MAL13-714924	-0.0038	3e-04	-0.0024	0.0023	-0.0024	-5e-04
MAL13-853413	-0.0024	0.0511	0.0071	0.032	0.0163	0.1043
MAL13-942637	0.0086	-0.0033	0.0304	0.0112	0.0603	0.0251
MAL13-1013875	0.0043	0.0944	0.0513	0.0471	0.0166	0.0053
MAL13-1399233	0.0062	0.0228	0.0902	0.0516	0.0433	0.158
MAL13-1596183	0	0.0683	0.0099	0.1044	-0.0014	0.1368
MAL13-1661997	0.0149	0.1039	0.0654	0.2036	0.012	0.3126
MAL13-1709066	0.1703	0.3233	0.3185	0.0258	0.0247	-0.0028
MAL13-1716352	0.1027	0.003	0.0301	0.1482	0.0207	0.061
MAL13-1777097	0.0333	0.0653	0.1369	0.1935	0.0325	0.3647
MAL13-2383027	-0.0017	-0.0013	0.0134	0.0048	0.0024	0.0261
MAL13-2470584	0.0106	0.0422	0.0859	0.0044	0.0311	0.0063
MAL13-2477441	-5e-04	0.1514	0.0313	0.1082	0.0555	0.3017
MAL13-2553416	0.0571	-0.0027	0.2646	0.0691	0.0847	0.2846
MAL13-2672190	0.0115	0.0369	0.0638	0.0014	0.0149	8e-04
MAL13-2704604	0.0414	0.0631	0.1385	0.1949	0.0249	0.3441
MAL14-201791	0.3571	0.4893	0.5136	0.0128	0.0204	-0.0022
MAL14-221707	0.0298	0.5229	0.0303	0.3338	-0.0036	0.3388
MAL14-312693	0.0089	0.0096	0.0105	NaN	NaN	NaN
MAL14-334976	0.0586	0.0106	0.1338	0.1275	0.0133	0.2232
MAL14-442134	-0.0024	0.2456	0.0127	0.2071	0.0027	0.1471
MAL14-564339	0.022	0.0149	0.0397	-0.0038	-0.0017	0.0024
MAL14-722436	0.0533	0.0806	0.1359	-0.0012	0.0198	0.0065
MAL14-832589	0.0519	0.0508	0.086	-0.0045	0.0032	0.005
MAL14-860816	0.0124	0.0441	0.1292	0.1034	0.0551	0.2785
MAL14-911764	-0.0029	0.0663	0.0376	0.0821	0.0233	0.1791
MAL14-1103685	0.0072	0.0919	-0.0022	0.0377	0.004	0.0813
MAL14-1106081	-0.0037	0.1488	-0.002	0.133	-0.0036	0.1349
MAL14-1161488	0.3548	0.4129	0.4359	-0.0013	0.0026	-0.0024
MAL14-1199721	0.0047	0.0256	-0.0022	0.0014	0.0097	0.0337
MAL14-1392975	-0.0042	0.0546	0.0175	0.0447	0.0225	0.1303
MAL14-1405313	0.0315	0.0142	0.2391	-0.0013	0.0977	0.1355
MAL14-1454903	0.0261	0.0086	0.0063	0.0731	0.0028	0.0378
MAL14-1482198	0.0244	0.0035	0.1048	0.0028	0.023	0.0584
MAL14-1818960	0.1608	0.0038	0.1579	0.224	-0.0036	0.2206
MAL14-1903017	0.0453	0.0234	0.102	0.1397	0.0076	0.2225
MAL14-2181307	0.2835	0.1929	0.2539	0.0053	-0.0041	0.0017
MAL14-2275535	0.105	-0.0033	0.3262	0.0989	0.0824	0.3185
MAL14-2373291	0.0528	0.1714	0.1855	0.0348	0.0434	-0.0024
MAL14-2536420	0.0759	0.0013	0.2678	0.1091	0.0673	0.3145
MAL14-2615028	0.1192	0.2175	0.1953	0.0173	0.0093	-0.0015
MAL14-2752309	-0.0022	0.0097	-0.0024	0.0172	-0.0027	0.0128
MAL14-2816701	0.0492	0.1239	0.0769	0.0173	-4e-04	0.006
MAL14-3009282	-0.0039	0.0068	-0.0016	0.0023	-0.0035	0.0025
MAL14-3017815	-5e-04	0.055	0.0149	0.0284	0.0013	0.0096
MAL14-3043465	9e-04	0.1642	-0.002	0.1195	0.0057	0.1813
MAL14-3124740	0.1052	0.0933	0.1155	-0.0041	-0.0035	-0.0014
MAL14-3126540	0.159	0.166	0.281	-0.0044	0.0201	0.0185

Gst

Loci	sid98,  vs  sid75,	sid98,  vs  sid50,	sid98,  vs  sid1,	sid75,  vs  sid50,	sid75,  vs  sid1,	sid50,  vs  sid1,
MAL01-145461	0.0719	0.1415	0.0287	0.0133	0.0063	0.0492
MAL01-167547	0.0569	0.0088	0.0135	0.124	0.1337	-0.0038
MAL01-389906	-0.0084	0.0906	-0.0013	0.0659	-0.0076	0.0568
MAL02-131505	-0.0126	0.2353	0.1578	0.2373	0.1591	0.0067
MAL02-194835	0.0459	0.4641	0.3725	0.2402	0.1622	0.0045
MAL02-255652	0.1796	0.3152	0.4241	0.0173	0.0736	0.0119
MAL02-290673	0.5673	0.7416	0.5117	0.0359	-0.0044	0.0671
MAL02-294544	-0.0065	0.1436	-0.0042	0.1799	4e-04	0.1227
MAL02-297021	0.547	0.7261	0.4988	0.0356	-0.0055	0.0627
MAL02-322398	0.4838	0.6166	0.3551	0.0144	0.0117	0.0762
MAL02-417203	0.036	0.0423	0.045	0.1569	-0.0084	0.1687
MAL02-510210	0.0986	0.0991	0.5101	-0.0092	0.2338	0.2362
MAL02-514461	0.0236	-0.008	0.2529	0.0304	0.1082	0.2689
MAL02-569613	0.0116	0.0635	0.0679	0.0092	0.0121	-0.0038
MAL02-608790	-0.0129	0.058	0.1465	0.0474	0.1545	0.3657
MAL02-660994	-0.0067	0.5359	0.0135	0.495	0.0246	0.6489
MAL02-680916	0.1057	0.1887	0.1507	0.0127	2e-04	0.0013
MAL02-723983	0.1121	0.4471	0.1721	0.1618	-9e-04	0.1148
MAL02-792270	0.0128	0.0737	0.1314	0.1648	0.0428	0.3545
MAL03-139623	-0.0012	0.0174	0.0202	0.0321	0.0037	0.0663
MAL03-192822	0.1251	0.2236	0.2994	0.0031	0.0347	-2e-04
MAL03-355045	0.0118	0.0945	0.1064	0.0235	0.0315	-0.0041
MAL03-666808	-0.0046	0.0231	0.0912	0.0066	0.0633	0.0214
MAL03-714600	0.0021	0.5679	-0.0031	0.6148	0.0039	0.5643
MAL03-849722	0.0148	0.0422	0.0432	0.0065	0.0074	NaN
MAL04-134941	0.2907	0.2848	0.2995	0.7858	-0.0042	0.7913
MAL04-163143	0.026	0.0135	0.0021	-0.0027	0.0131	0.0029
MAL04-193196	0.0981	0.1179	0.1549	-0.0038	0.0097	0.0039
MAL04-273727	-0.0126	0.1968	0.0178	0.2093	0.0208	0.0883
MAL04-282592	0.005	-0.0021	0.0025	0.0133	0.0219	-0.0018
MAL04-307321	0.0067	0.0041	0.0234	-0.0042	0.0015	0.0066
MAL04-342497	0.2178	0.3365	0.1416	0.0087	0.0018	0.0504
MAL04-361423	0.1199	0.2494	0.0552	0.0161	0.0038	0.0714
MAL04-422595	-0.011	0.1501	-0.0075	0.1188	-0.0091	0.1516
MAL04-441887	0.0419	0.0099	0.0439	0.011	NaN	0.0128
MAL04-469608	0.0068	0.0867	0.0232	0.0528	0.0014	0.0285
MAL04-515294	0.1045	0.2115	0.0635	0.5213	-7e-04	0.4521
MAL04-544408	-0.0076	0.0049	7e-04	-0.0015	-0.0042	-0.005
MAL04-637111	0.5756	-0.0078	0.2095	0.5353	0.1536	0.1749
MAL04-666150	0.2024	-0.0051	0.1986	0.2012	-0.0102	0.1974
MAL04-680633	0.1151	0.6989	0.0282	0.3658	0.022	0.5369
MAL04-702725	0.0061	0.5767	0.0273	0.6485	0.0699	0.4258
MAL04-755220	0.8483	0.9875	0.9458	0.1346	0.0342	0.0386
MAL04-772972	0.4852	0.0244	0.4313	0.317	-0.006	0.2674
MAL04-799238	0.4073	0.0357	0.1441	0.5956	0.0838	0.3088
MAL04-809686	0.5336	0.5458	0.5189	-0.0042	-0.003	1e-04
MAL04-846290	0.0402	0.0722	0.0248	0.0065	-0.0011	0.0182
MAL04-872322	-0.0096	0.0888	0.2716	0.1027	0.2463	0.55
MAL04-894155	0.0088	NaN	0.038	0.0086	0.007	0.0378
MAL04-895873	0.1035	0.0288	0.067	0.0148	-0.0034	0.0015
MAL04-915180	0.0324	0.0398	0.0139	-0.0054	0.0029	0.0078
MAL04-934434	0.2562	0.0656	0.0985	0.4951	0.0354	0.3007
MAL04-936350	0.1614	0.0888	0.2555	0.4266	0.0019	0.5329
MAL04-991586	0.4507	-0.0063	0.2452	0.4227	0.0411	0.2203
MAL04-994352	0.0885	0.0583	-0.0029	0.2856	0.0544	0.0947
MAL05-132132	0.1787	0.5995	0.3739	0.1918	0.0401	0.0501
MAL05-144161	0.1241	-0.0041	0.1529	0.1309	-0.0067	0.1601
MAL05-192222	0.8483	0.747	0.681	0.0161	0.0484	0.0011
MAL05-329493	0.0461	-0.0035	0.0512	0.0246	-0.0086	0.0296
MAL05-364227	0.203	0.038	0.1727	0.0757	-0.0066	0.0556
MAL05-369684	0.3167	0.2036	0.4789	0.0115	0.0377	0.1045
MAL05-383150	0.0243	0.0393	0.0214	-0.0051	-0.0051	-0.0011
MAL05-396039	0.4349	0.689	0.5154	0.091	0.0011	0.0513
MAL05-426361	0.0768	0	0.2539	0.1135	0.0534	0.3032
MAL05-475275	0.3385	0.862	0.371	0.3196	-0.0104	0.2933
MAL05-622362	0.402	0.9003	0.2413	0.3225	0.0249	0.5007
MAL05-668859	0.3609	0.0183	0.6031	0.2549	0.0627	0.5015
MAL05-680743	0.0868	0.2867	0.1693	0.0697	0.0085	0.0232
MAL05-734299	0.0332	0.0212	0.1345	-0.0032	0.0446	0.0672
MAL05-796712	0.1862	0.0175	0.147	0.2943	-0.0066	0.2492
MAL05-798464	-0.0034	0.1549	1e-04	0.2066	-0.0086	0.2077
MAL05-831868	0.0101	0.324	-0.0037	0.1984	0.0262	0.3648
MAL05-855820	0.4287	0.0261	0.6522	0.2535	0.062	0.4804
MAL05-908821	0.2317	0.0798	0.5322	0.0353	0.093	0.2602
MAL05-931601	0.0027	0.0652	0.2238	0.1309	0.1334	0.4597
MAL05-1043649	0.4864	0.8275	0.325	0.1725	0.0203	0.3089
MAL05-1188652	0.0304	0.3555	-0.0046	0.194	0.0141	0.3135
MAL05-1217046	0.5097	0.7912	0.5506	0.0929	-0.0086	0.0729
MAL06-148357	0.0629	0.0208	0.0491	0.0124	-0.0034	0.0053
MAL06-159081	0.5716	0.8793	0.8529	0.1456	0.1143	-0.0018
MAL06-182962	0.0172	0.1232	-0.0044	0.0276	0.0025	0.0884
MAL06-261657	0.0345	0.1089	0.0318	0.0046	-0.0107	0.0149
MAL06-312410	0.1072	0.6478	0.041	0.3274	0.0088	0.4558
MAL06-315729	NaN	NaN	0.0758	NaN	0.0744	0.0754
MAL06-327977	0.1785	0.5152	0.3412	0.1287	0.0262	0.0334
MAL06-378824	0.1019	0.1769	0.1389	0.0133	-5e-04	0.003
MAL06-404675	-0.0049	0.0174	0.089	0.0187	0.0822	0.1499
MAL06-417465	0.0492	0.0652	0.1209	-0.005	0.0228	0.0158
MAL06-510590	-0.0049	0.0174	0.0962	0.0187	0.0892	0.158
MAL06-581030	0.5535	0.6333	0.2699	0.0133	0.0991	0.1734
MAL06-654198	-0.0021	0.0319	-0.0011	0.0029	0.0179	0.0669
MAL06-909067	0.0295	-0.0015	0.0028	0.0133	0.0566	0.012
MAL06-938236	0.2798	0.8867	0.2459	0.4244	-0.0086	0.4681
MAL07-178000	0.1397	0.0272	0.5644	0.0307	0.1994	0.3856
MAL07-277102	0.2044	0.004	0.373	0.2719	0.0273	0.4448
MAL07-281602	0.0866	-0.0037	0.0026	0.0816	0.1162	0.0039
MAL07-283525	0.0259	0.2062	0.1125	0.3662	0.0143	0.5114
MAL07-537094	0.0155	0.01	0.0313	0.0467	-0.0031	0.0657
MAL07-665556	0.0012	0.0422	0.0316	0.0187	0.0096	0.0011
MAL07-1122074	0.0025	0.0252	0.0262	0.0065	0.0074	NaN
MAL07-1184520	0.3098	-0.005	0.2026	0.3363	0.0061	0.2264
MAL07-1225730	-0.0127	0.2883	0.0993	0.3059	0.1104	0.0571
MAL07-1314717	0.1164	0.0031	0.0986	0.139	-0.0054	0.1204
MAL07-1318034	0.1013	0.2031	0.1134	0.029	-0.0065	0.0277
MAL08-324349	0.2676	0.808	0.1665	0.3589	0.0134	0.5004
MAL08-329153	0.4757	0.5401	0.6183	-0.009	0.0127	-0.001
MAL08-414103	0.3658	0.022	0.5723	0.4992	0.037	0.6939
MAL08-415215	0.6381	0.142	0.8457	0.3062	0.063	0.5639
MAL08-418882	0.0324	0.6176	0.0013	0.5102	0.022	0.6052
MAL08-423288	0.0325	0.0503	-0.0018	-0.0038	0.0168	0.0314
MAL08-472454	0.5685	0.6557	0.6301	0.0122	0.0031	-9e-04
MAL08-477431	0.3734	0.7902	0.7997	0.195	0.207	-0.0046
MAL08-502175	0.3144	-0.0039	0.4628	0.2978	0.0166	0.4462
MAL08-506860	0.3144	-9e-04	0.4085	0.3512	4e-04	0.4451
MAL08-510277	-0.0029	-0.0024	-0.0021	-0.0097	-0.0074	-0.006
MAL08-550806	-0.0034	0.0907	0.2106	0.1363	0.1487	0.4751
MAL08-598974	0.0991	0.3367	0.2023	0.0898	0.0141	0.0284
MAL08-620258	0.6001	0.7833	0.7163	0.0459	0.0121	0.0051
MAL08-682727	0.3957	0.599	0.4732	0.0352	-0.0033	0.0121
MAL08-702678	0.0985	0.0398	0.06	0.0147	0.0029	-8e-04
MAL08-740413	-0.0099	0.3772	-0.0061	0.4266	-0.0018	0.3422
MAL08-753870	0.0596	0.1648	0.1396	0.0252	0.0132	-0.0015
MAL08-880658	0.1671	-0.0038	0.1352	0.1579	-0.0055	0.1267
MAL08-992462	0.0512	0.1359	0.0593	0.0122	-0.0072	0.0129
MAL08-998189	0.1967	0.0412	0.2185	0.0485	-0.0108	0.0647
MAL08-1113364	0.1604	0.1728	0.1077	-0.0115	-0.0015	0.0033
MAL08-1122713	0.2384	0.5479	0.0207	0.0999	0.1127	0.3912
MAL08-1191793	0.0174	-0.0075	-0.0048	0.0355	0.0036	0.0021
MAL08-1238679	0.2615	0.5308	0.3646	0.0726	0.0025	0.0242
MAL08-1249200	0.0806	0.0816	0.0697	NaN	2e-04	0.0011
MAL09-231063	0.0472	0.084	0.1747	0.2638	0.0308	0.4473
MAL09-265315	0.5459	0.0975	0.6371	0.2417	9e-04	0.3316
MAL09-478750	0.1252	0.4733	0.0053	0.1645	0.077	0.4089
MAL09-597888	-0.0045	0.01	0.0109	0.0065	0.0074	NaN
MAL09-634010	0.0231	-9e-04	0.0538	0.0431	-0.0029	0.0784
MAL09-917254	0.047	0.0126	0.0386	0.0115	-0.0039	0.0067
MAL09-1142293	0.0735	0.2354	0.1439	0.4919	0.008	0.5844
MAL09-1204316	0.0442	0.1946	0.1352	0.0561	0.0216	0.0014
MAL09-1206830	0.0025	0.0252	0.0262	0.0065	0.0074	NaN
MAL10-190158	0.1843	0.5921	0.4519	0.1781	0.0763	0.0188
MAL10-303698	0.1927	0.0021	0.4857	0.2332	0.1058	0.5264
MAL10-996032	0.009	0.1681	0.1185	0.0705	0.037	-0.003
MAL10-1047321	0.7122	0.7629	0.8119	-0.0029	0.0153	0.0018
MAL10-1228500	0.0092	0.01	0.011	NaN	NaN	NaN
MAL10-1281631	0.0029	0.2757	0.003	0.1881	0.037	0.3586
MAL10-1322020	0.0195	0.03	0.0184	-0.0041	-0.0041	-7e-04
MAL10-1389364	0.11	0.0789	0.1858	0.3339	-3e-04	0.4268
MAL10-1391783	0.0073	-0.004	0.0151	0.0123	-0.0034	0.0208
MAL10-1519672	0.0489	0.0022	0.047	0.0795	-0.0063	0.0766
MAL11-386092	-0.01	0.1895	0.0142	0.1814	0.0095	0.1011
MAL11-565294	-0.0048	0.5802	0.1699	0.6061	0.1927	0.1966
MAL11-593539	-0.0024	-0.0022	0.0729	0.0026	0.051	0.0878
MAL11-637435	0.0413	0.3225	0.2315	0.5335	0.0793	0.7639
MAL11-683964	0.1616	0.0156	-0.0031	0.0757	0.1587	0.0147
MAL11-753549	-0.0114	-0.0093	0.206	-0.0123	0.2191	0.2139
MAL11-773903	0.0322	0.141	-0.005	0.0402	0.0279	0.1328
MAL11-792549	0.1314	0.0237	0.06	0.2532	0.0063	0.159
MAL11-828595	0.1172	0.0728	0.1302	-0.0013	-0.0071	0.0052
MAL11-874947	0.361	-0.0038	0.4519	0.3732	-0.0011	0.4639
MAL11-920191	0.1044	0.0124	0.1296	0.0586	-0.0049	0.0816
MAL11-968080	-0.0038	0.0689	0.0572	0.0381	0.0901	0.2364
MAL11-987252	0.1086	0.0159	0.0898	0.0241	-0.0097	0.0162
MAL11-1020133	-0.0049	0.0805	0.0806	0.1105	0.1104	-0.0032
MAL11-1038073	0.0092	0.2477	0.0193	0.1399	-0.0085	0.1303
MAL11-1188633	-0.0096	0.0963	-0.0033	0.0935	-0.0055	0.1288
MAL11-1243997	7e-04	0.142	0.011	0.2122	-0.0086	0.2352
MAL11-1271589	0.2604	0.6445	0.2253	0.1714	-0.0072	0.2141
MAL11-1275603	0.2069	0.3865	0.2435	0.0284	-0.009	0.0183
MAL11-1295603	0.005	-0.0021	0.011	0.0133	0.0331	0.0047
MAL11-1321195	-0.0048	0.0064	0.0485	-0.0021	0.0318	0.0138
MAL11-1509521	0.0304	0.061	0.001	0.0065	0.012	0.0383
MAL11-1748611	0.3422	0.0474	0.3998	0.1402	-0.0055	0.1882
MAL11-1752891	0.7758	0.2498	0.8279	0.3061	-0.0029	0.375
MAL11-1791173	0.2651	0.0141	-0.0011	0.1852	0.2468	0.0065
MAL12-175811	0.2327	0.0107	0.4573	0.3539	0.0494	0.5849
MAL12-381783	0.005	-0.0037	0.0318	0.0023	0.0037	0.0273
MAL12-399322	0.1772	0.0468	0.0096	0.0329	0.0941	0.0058
MAL12-529412	0.4514	0.6316	0.3916	0.0299	-0.0045	0.0621
MAL12-646259	0.0283	0.038	0.0364	-0.0062	-0.0051	-0.0043
MAL12-698129	0.2096	0.5413	0.066	0.1443	0.0598	0.3588
MAL12-702015	0.0214	-0.0018	0.0048	0.0381	3e-04	0.0153
MAL12-726595	0.0024	-0.0032	0.0869	-0.0045	0.0477	0.0656
MAL12-802737	0.1076	0.6973	0.0954	0.3757	-0.0105	0.4024
MAL12-839896	0.2342	0.3695	0.4209	0.0175	0.0419	-1e-04
MAL12-857238	0.0128	0.0012	0.0509	0.0469	-0.0014	0.0981
MAL12-858494	-0.0082	-0.0062	0.013	-0.0082	0.0112	0.0066
MAL12-907255	0.0461	0.0124	-0.0041	0.1165	0.0423	0.0164
MAL12-943330	0.0788	0.0029	0.0752	0.0407	-0.0067	0.0385
MAL12-1078311	0.3975	0.4759	0.367	0.0187	-0.0022	0.0325
MAL12-1156125	0.0011	0.1866	0.0679	0.1077	0.0185	0.0299
MAL12-1212106	0.2779	0.5452	0.4771	0.071	0.0362	3e-04
MAL12-1214787	0.0371	0.4878	0.1057	0.2864	0.0059	0.1849
MAL12-1400880	0.1428	0.0019	0.2789	0.1808	0.0237	0.3205
MAL12-1598773	0.0829	0.369	0.1914	0.1099	0.0121	0.0342
MAL12-1761552	0.4506	0.7358	0.5189	0.1106	-0.0021	0.0738
MAL12-2046726	0.0361	0.4748	0.0132	0.2875	0.0998	0.5742
MAL12-2050164	0.1205	0.0893	0.1098	-0.0095	-0.0097	-0.0065
MAL12-2119221	0.0471	0.0332	0.2608	0.1632	0.0839	0.4244
MAL13-150118	0.0314	0.0308	-9e-04	0.135	0.0604	0.0128
MAL13-159660	0.1065	0.2119	0.1983	0.0329	0.0228	0.001
MAL13-353364	0.101	0.0145	0.5645	0.0244	0.2496	0.4258
MAL13-639415	0.0189	0.0145	0.475	-0.0101	0.3208	0.3406
MAL13-714924	-0.01	7e-04	-0.006	0.0056	-0.0062	-0.0013
MAL13-853413	-0.0063	0.1411	0.0165	0.0918	0.0392	0.2606
MAL13-942637	0.0091	-0.0037	0.0397	0.0119	0.0749	0.0331
MAL13-1013875	0.0105	0.1788	0.1073	0.0831	0.0322	0.0081
MAL13-1399233	0.0083	0.0252	0.1505	0.0626	0.08	0.2376
MAL13-1596183	-1e-04	0.1882	0.0244	0.2731	-0.0034	0.3405
MAL13-1661997	0.0358	0.2729	0.1354	0.472	0.0221	0.6255
MAL13-1709066	0.3796	0.6472	0.6401	0.0684	0.0658	-0.0066
MAL13-1716352	0.2044	0.004	0.0529	0.2719	0.0509	0.0991
MAL13-1777097	0.0907	0.1696	0.2995	0.456	0.0648	0.6984
MAL13-2383027	-0.0025	-0.002	0.018	0.0073	0.0031	0.0368
MAL13-2470584	0.0219	0.0781	0.1441	0.0072	0.0464	0.0085
MAL13-2477441	-0.0012	0.374	0.0589	0.2835	0.1102	0.6038
MAL13-2553416	0.103	-0.0037	0.5223	0.1214	0.2234	0.5462
MAL13-2672190	0.0286	0.0842	0.1356	0.0029	0.0288	0.0014
MAL13-2704604	0.1052	0.1032	0.3417	0.3662	0.0722	0.6302
MAL14-201791	0.6945	0.8252	0.8431	0.0235	0.0365	-0.0035
MAL14-221707	0.0572	0.8511	0.0577	0.6604	-0.0085	0.6664
MAL14-312693	0.0093	0.0101	0.0111	NaN	NaN	NaN
MAL14-334976	0.143	0.0313	0.2791	0.3098	0.0232	0.4639
MAL14-442134	-0.0054	0.5443	0.0309	0.4806	0.0068	0.363
MAL14-564339	0.046	0.0304	0.0857	-0.0093	-0.0044	0.006
MAL14-722436	0.0788	0.1261	0.2303	-0.0025	0.0438	0.0152
MAL14-832589	0.0629	0.0612	0.1134	-0.0066	0.0051	0.0079
MAL14-860816	0.0244	0.061	0.2899	0.1629	0.1439	0.4952
MAL14-911764	-0.0054	0.0905	0.081	0.1166	0.0524	0.2928
MAL14-1103685	0.0186	0.241	-0.0053	0.108	0.0106	0.217
MAL14-1106081	-0.0089	0.2356	-0.0048	0.2066	-0.0085	0.2093
MAL14-1161488	0.631	0.712	0.7402	-0.0035	0.0071	-0.0064
MAL14-1199721	0.0114	0.0574	-0.0059	0.0029	0.0241	0.0764
MAL14-1392975	-0.008	0.0828	0.0393	0.0664	0.0495	0.2239
MAL14-1405313	0.0718	0.031	0.5259	-0.0035	0.2587	0.3428
MAL14-1454903	0.0623	0.0155	0.0141	0.1535	0.0074	0.0748
MAL14-1482198	0.0706	0.0106	0.2582	0.0081	0.0547	0.1437
MAL14-1818960	0.2838	0.0111	0.2801	0.4082	-0.0042	0.404
MAL14-1903017	0.1214	0.0662	0.2423	0.351	0.0161	0.4968
MAL14-2181307	0.6003	0.455	0.5568	0.0116	-0.0084	0.0039
MAL14-2275535	0.1632	-0.0037	0.5732	0.1551	0.2128	0.5651
MAL14-2373291	0.1329	0.3413	0.361	0.0595	0.0726	-0.0032
MAL14-2536420	0.1357	0.0016	0.5185	0.1832	0.1814	0.5714
MAL14-2615028	0.2649	0.41	0.3808	0.0251	0.0139	-0.002
MAL14-2752309	-0.0025	0.0102	-0.0027	0.0187	-0.0031	0.0136
MAL14-2816701	0.0981	0.212	0.1438	0.0236	-7e-04	0.0078
MAL14-3009282	-0.0046	0.0078	-0.0019	0.0026	-0.0041	0.0028
MAL14-3017815	-0.0013	0.1421	0.0426	0.0725	0.0038	0.0236
MAL14-3043465	0.0022	0.2645	-0.0052	0.1817	0.0138	0.2967
MAL14-3124740	0.1802	0.1567	0.1995	-0.01	-0.0088	-0.0036
MAL14-3126540	0.3789	0.3911	0.5579	-0.0089	0.0342	0.0311

GGst

Loci	sid98,  vs  sid75,	sid98,  vs  sid50,	sid98,  vs  sid1,	sid75,  vs  sid50,	sid75,  vs  sid1,	sid50,  vs  sid1,
MAL01-145461	0.1117	0.2174	0.0444	0.0245	0.0107	0.0848
MAL01-167547	0.0824	0.0145	0.0221	0.1792	0.1929	-0.0065
MAL01-389906	-0.012	0.1329	-0.0019	0.0987	-0.011	0.0859
MAL02-131505	-0.017	0.3146	0.2133	0.3169	0.2148	0.0108
MAL02-194835	0.0609	0.5552	0.4554	0.3098	0.2119	0.0067
MAL02-255652	0.2327	0.3988	0.5243	0.0258	0.1106	0.0193
MAL02-290673	0.6567	0.8162	0.6017	0.0546	-0.0064	0.0992
MAL02-294544	-0.0094	0.2163	-0.0062	0.2626	6e-04	0.1885
MAL02-297021	0.6367	0.8028	0.5887	0.0534	-0.0079	0.0919
MAL02-322398	0.574	0.7067	0.4351	0.0222	0.0168	0.1106
MAL02-417203	0.0531	0.07	0.066	0.2301	-0.012	0.2455
MAL02-510210	0.1535	0.1543	0.6178	-0.0139	0.3005	0.3035
MAL02-514461	0.0321	-0.0114	0.3185	0.0415	0.1407	0.3374
MAL02-569613	0.0175	0.097	0.1037	0.015	0.0199	-0.0067
MAL02-608790	-0.0173	0.0762	0.196	0.0624	0.2059	0.4509
MAL02-660994	-0.0101	0.6271	0.0212	0.5853	0.038	0.7367
MAL02-680916	0.1555	0.2739	0.2203	0.0227	3e-04	0.0023
MAL02-723983	0.1498	0.5613	0.2283	0.2435	-0.0014	0.1813
MAL02-792270	0.0182	0.1131	0.1749	0.2345	0.0574	0.4546
MAL03-139623	-0.0021	0.033	0.0351	0.0588	0.0064	0.1146
MAL03-192822	0.1625	0.283	0.372	0.0041	0.0466	-3e-04
MAL03-355045	0.0168	0.1352	0.1521	0.0358	0.048	-0.0068
MAL03-666808	-0.0071	0.0371	0.1464	0.0108	0.1051	0.0381
MAL03-714600	0.004	0.6697	-0.0057	0.7155	0.0073	0.6662
MAL03-849722	0.0268	0.076	0.0777	0.0127	0.0144	NaN
MAL04-134941	0.3907	0.3557	0.4018	0.8546	-0.0077	0.8591
MAL04-163143	0.0482	0.0258	0.0042	-0.005	0.0243	0.0055
MAL04-193196	0.152	0.1822	0.2372	-0.0071	0.0183	0.0076
MAL04-273727	-0.0169	0.2557	0.0237	0.2706	0.0277	0.1202
MAL04-282592	0.0093	-0.004	0.0047	0.0245	0.0403	-0.0035
MAL04-307321	0.0131	0.008	0.0439	-0.0081	0.0028	0.0124
MAL04-342497	0.278	0.4198	0.1834	0.0128	0.0026	0.0716
MAL04-361423	0.1555	0.3155	0.0726	0.0223	0.0052	0.0963
MAL04-422595	-0.0148	0.1936	-0.0101	0.1545	-0.0122	0.1955
MAL04-441887	0.0754	0.0179	0.0788	0.0212	NaN	0.0247
MAL04-469608	0.0131	0.1453	0.0435	0.0893	0.0026	0.0481
MAL04-515294	0.1448	0.2684	0.0881	0.6139	-0.001	0.5416
MAL04-544408	-0.0117	0.0073	0.0011	-0.0023	-0.0063	-0.0073
MAL04-637111	0.6708	-0.0106	0.2661	0.6327	0.2152	0.224
MAL04-666150	0.2759	-0.0087	0.2716	0.2743	-0.0139	0.2699
MAL04-680633	0.1568	0.7785	0.0407	0.4504	0.0301	0.6276
MAL04-702725	0.0107	0.6734	0.0435	0.7424	0.1118	0.516
MAL04-755220	0.901	0.9932	0.968	0.2081	0.0532	0.0677
MAL04-772972	0.5754	0.0347	0.5198	0.3919	-0.0083	0.3348
MAL04-799238	0.4925	0.0531	0.1887	0.6864	0.1107	0.3934
MAL04-809686	0.6425	0.6549	0.6274	-0.0081	-0.0058	2e-04
MAL04-846290	0.0692	0.1235	0.0427	0.0126	-0.0022	0.0346
MAL04-872322	-0.0137	0.1307	0.3407	0.1493	0.3106	0.6472
MAL04-894155	0.0171	NaN	0.0691	0.0166	0.0128	0.0687
MAL04-895873	0.1505	0.045	0.1005	0.0214	-0.0048	0.0022
MAL04-915180	0.0594	0.0721	0.0266	-0.0096	0.0053	0.0142
MAL04-934434	0.3237	0.0985	0.1318	0.5941	0.0468	0.3906
MAL04-936350	0.2092	0.1307	0.322	0.5253	0.0026	0.6309
MAL04-991586	0.5399	-0.0094	0.3136	0.5098	0.0548	0.283
MAL04-994352	0.1161	0.0821	-0.004	0.362	0.0717	0.1304
MAL05-132132	0.2417	0.6905	0.4654	0.2449	0.053	0.0669
MAL05-144161	0.1859	-0.0075	0.2239	0.1959	-0.0097	0.2341
MAL05-192222	0.9002	0.8197	0.7631	0.0255	0.0735	0.0017
MAL05-329493	0.068	-0.0055	0.0754	0.0362	-0.0122	0.0434
MAL05-364227	0.2924	0.0653	0.2551	0.1108	-0.0094	0.083
MAL05-369684	0.4046	0.2653	0.5892	0.0178	0.0643	0.1634
MAL05-383150	0.038	0.0617	0.0334	-0.0087	-0.0086	-0.0019
MAL05-396039	0.5247	0.7777	0.6099	0.144	0.0018	0.0855
MAL05-426361	0.1155	1e-04	0.3396	0.1702	0.073	0.4014
MAL05-475275	0.4303	0.9104	0.4656	0.4049	-0.0138	0.3757
MAL05-622362	0.5039	0.9378	0.3272	0.4084	0.0332	0.5954
MAL05-668859	0.471	0.0326	0.7049	0.3406	0.0823	0.6023
MAL05-680743	0.1201	0.3858	0.2326	0.1111	0.0133	0.0395
MAL05-734299	0.0608	0.0398	0.2126	-0.0058	0.0714	0.1076
MAL05-796712	0.2544	0.0301	0.2056	0.3941	-0.009	0.3428
MAL05-798464	-0.0049	0.2349	2e-04	0.2998	-0.0123	0.3013
MAL05-831868	0.0142	0.4013	-0.0053	0.2526	0.0369	0.4479
MAL05-855820	0.5172	0.0349	0.7431	0.3235	0.0968	0.5842
MAL05-908821	0.3039	0.1136	0.6258	0.0473	0.1217	0.3263
MAL05-931601	0.0038	0.0967	0.285	0.1846	0.1728	0.5573
MAL05-1043649	0.5757	0.8866	0.4023	0.253	0.028	0.4137
MAL05-1188652	0.0418	0.468	-0.0063	0.2842	0.0197	0.4231
MAL05-1217046	0.6071	0.8564	0.6466	0.1267	-0.0116	0.1007
MAL06-148357	0.1092	0.0392	0.0874	0.0216	-0.0057	0.0095
MAL06-159081	0.6643	0.9229	0.9036	0.205	0.1613	-0.003
MAL06-182962	0.0228	0.1609	-0.0059	0.0373	0.0033	0.1168
MAL06-261657	0.0457	0.1416	0.0422	0.0062	-0.0143	0.0198
MAL06-312410	0.1507	0.7343	0.0607	0.4041	0.0123	0.544
MAL06-315729	NaN	NaN	0.1291	NaN	0.1269	0.1285
MAL06-327977	0.2284	0.6121	0.422	0.1815	0.0369	0.0511
MAL06-378824	0.1536	0.2631	0.2083	0.0245	-9e-04	0.0058
MAL06-404675	-0.0091	0.033	0.1402	0.0353	0.1296	0.233
MAL06-417465	0.08	0.1059	0.194	-0.0093	0.0427	0.0302
MAL06-510590	-0.0091	0.033	0.1504	0.0353	0.1397	0.2435
MAL06-581030	0.6547	0.7326	0.3404	0.0245	0.15	0.2588
MAL06-654198	-0.003	0.0459	-0.0015	0.0043	0.0251	0.0938
MAL06-909067	0.0503	-0.0027	0.0053	0.0226	0.0962	0.0221
MAL06-938236	0.3686	0.9282	0.3298	0.5178	-0.0116	0.5627
MAL07-178000	0.1836	0.0378	0.654	0.0409	0.2581	0.4703
MAL07-277102	0.2785	0.007	0.4696	0.3658	0.0363	0.5507
MAL07-281602	0.1389	-0.0071	0.0051	0.1309	0.1851	0.0076
MAL07-283525	0.0348	0.2888	0.1468	0.4695	0.019	0.6159
MAL07-537094	0.0278	0.0194	0.0544	0.0834	-0.0053	0.1137
MAL07-665556	0.0022	0.0759	0.0569	0.0353	0.0181	0.0021
MAL07-1122074	0.0046	0.047	0.0488	0.0127	0.0144	NaN
MAL07-1184520	0.3921	-0.008	0.268	0.4234	0.0081	0.2983
MAL07-1225730	-0.0169	0.3702	0.1312	0.39	0.1453	0.0831
MAL07-1314717	0.1839	0.0061	0.1592	0.2182	-0.0083	0.1934
MAL07-1318034	0.1529	0.3	0.1708	0.0533	-0.0117	0.0513
MAL08-324349	0.376	0.8737	0.2546	0.4391	0.0192	0.591
MAL08-329153	0.5708	0.6342	0.7078	-0.0123	0.0174	-0.0014
MAL08-414103	0.4565	0.0367	0.6651	0.604	0.0495	0.7796
MAL08-415215	0.7352	0.2153	0.9002	0.3823	0.0857	0.6534
MAL08-418882	0.0594	0.7211	0.0026	0.6139	0.0405	0.7092
MAL08-423288	0.053	0.0821	-0.0028	-0.0069	0.0282	0.0527
MAL08-472454	0.6662	0.75	0.7261	0.0219	0.0055	-0.0018
MAL08-477431	0.4607	0.8552	0.8627	0.2606	0.2762	-0.0073
MAL08-502175	0.415	-0.007	0.5698	0.3946	0.0221	0.5517
MAL08-506860	0.415	-0.0016	0.5152	0.4595	5e-04	0.5561
MAL08-510277	-0.0041	-0.0034	-0.003	-0.0143	-0.0109	-0.0088
MAL08-550806	-0.0049	0.1391	0.2717	0.2006	0.1939	0.5807
MAL08-598974	0.1348	0.441	0.2719	0.14	0.0218	0.0481
MAL08-620258	0.6882	0.8504	0.794	0.0702	0.0183	0.0083
MAL08-682727	0.4812	0.6872	0.5628	0.049	-0.0045	0.0173
MAL08-702678	0.1624	0.0721	0.1048	0.0243	0.0047	-0.0014
MAL08-740413	-0.0132	0.4739	-0.0082	0.5253	-0.0025	0.4364
MAL08-753870	0.0876	0.2404	0.2044	0.0428	0.0223	-0.0027
MAL08-880658	0.2446	-0.0071	0.2036	0.2316	-0.008	0.191
MAL08-992462	0.0716	0.1893	0.0828	0.0189	-0.0108	0.02
MAL08-998189	0.2534	0.0566	0.2796	0.064	-0.0144	0.0851
MAL08-1113364	0.2284	0.2441	0.1599	-0.016	-0.0022	0.0046
MAL08-1122713	0.3005	0.6403	0.028	0.1393	0.1465	0.4814
MAL08-1191793	0.0231	-0.0102	-0.0064	0.047	0.0048	0.0028
MAL08-1238679	0.3456	0.6288	0.4605	0.0951	0.0033	0.0322
MAL08-1249200	0.136	0.1377	0.118	NaN	5e-04	0.0021
MAL09-231063	0.0631	0.1101	0.2306	0.3306	0.044	0.5372
MAL09-265315	0.6374	0.135	0.7234	0.3046	0.0013	0.4098
MAL09-478750	0.1899	0.5823	0.0095	0.2152	0.1174	0.5112
MAL09-597888	-0.0086	0.0193	0.0211	0.0126	0.0144	NaN
MAL09-634010	0.0388	-0.0017	0.0867	0.0726	-0.0046	0.1262
MAL09-917254	0.0838	0.0242	0.0701	0.0205	-0.0068	0.0121
MAL09-1142293	0.1071	0.2978	0.2087	0.5883	0.0135	0.6826
MAL09-1204316	0.0735	0.2791	0.2036	0.0815	0.0325	0.0021
MAL09-1206830	0.0046	0.047	0.0488	0.0127	0.0144	NaN
MAL10-190158	0.2361	0.6824	0.5402	0.2385	0.1032	0.0281
MAL10-303698	0.2766	0.0039	0.5945	0.3316	0.1393	0.6371
MAL10-996032	0.0123	0.2162	0.1547	0.0925	0.0489	-0.004
MAL10-1047321	0.7902	0.8333	0.873	-0.0047	0.0248	0.003
MAL10-1228500	0.0177	0.0193	0.0211	NaN	NaN	NaN
MAL10-1281631	0.0041	0.381	0.0041	0.277	0.0509	0.4715
MAL10-1322020	0.0367	0.0554	0.0348	-0.0075	-0.0077	-0.0013
MAL10-1389364	0.1484	0.1224	0.2429	0.435	-5e-04	0.5326
MAL10-1391783	0.0135	-0.007	0.0277	0.0223	-0.0065	0.0377
MAL10-1519672	0.0809	0.0042	0.078	0.1308	-0.0101	0.1268
MAL11-386092	-0.0143	0.275	0.0207	0.2648	0.0139	0.159
MAL11-565294	-0.0082	0.6754	0.2364	0.7006	0.2673	0.2503
MAL11-593539	-0.0045	-0.0042	0.1191	0.0048	0.0837	0.1433
MAL11-637435	0.0581	0.3985	0.3202	0.624	0.1237	0.837
MAL11-683964	0.2347	0.0266	-0.0057	0.1108	0.2307	0.0252
MAL11-753549	-0.0157	-0.0127	0.2618	-0.0169	0.2775	0.2712
MAL11-773903	0.0499	0.2168	-0.0075	0.0701	0.0434	0.2059
MAL11-792549	0.1818	0.0394	0.0873	0.344	0.0087	0.2299
MAL11-828595	0.182	0.119	0.1998	-0.002	-0.0106	0.0079
MAL11-874947	0.4656	-0.007	0.5592	0.4799	-0.0015	0.5722
MAL11-920191	0.1707	0.0238	0.2059	0.0969	-0.0076	0.1311
MAL11-968080	-0.0058	0.108	0.0799	0.062	0.1261	0.3248
MAL11-987252	0.1422	0.0216	0.1185	0.0319	-0.013	0.0215
MAL11-1020133	-0.0074	0.1295	0.1295	0.1718	0.1716	-0.006
MAL11-1038073	0.0126	0.3351	0.0266	0.2026	-0.012	0.1903
MAL11-1188633	-0.014	0.1445	-0.0047	0.1405	-0.0079	0.1882
MAL11-1243997	0.001	0.214	0.0156	0.3022	-0.0121	0.3299
MAL11-1271589	0.3604	0.7408	0.3196	0.2198	-0.0101	0.2723
MAL11-1275603	0.276	0.4788	0.3196	0.0376	-0.0121	0.0242
MAL11-1295603	0.0093	-0.004	0.0211	0.0245	0.0607	0.0093
MAL11-1321195	-0.0079	0.0107	0.0824	-0.0036	0.0554	0.025
MAL11-1509521	0.0532	0.1062	0.0017	0.0127	0.0219	0.0696
MAL11-1748611	0.4205	0.0637	0.4843	0.1817	-0.0077	0.2418
MAL11-1752891	0.8453	0.3367	0.8855	0.3809	-0.0043	0.4597
MAL11-1791173	0.3694	0.026	-0.0022	0.2627	0.3454	0.0119
MAL12-175811	0.294	0.0153	0.5461	0.4355	0.0681	0.6738
MAL12-381783	0.0093	-0.007	0.0553	0.0042	0.0064	0.0475
MAL12-399322	0.2333	0.066	0.014	0.044	0.1251	0.0081
MAL12-529412	0.5392	0.7189	0.4754	0.0439	-0.0063	0.0891
MAL12-646259	0.0493	0.0653	0.0628	-0.0104	-0.0086	-0.0071
MAL12-698129	0.308	0.6535	0.1141	0.1894	0.0899	0.4536
MAL12-702015	0.0355	-0.0034	0.0082	0.0633	4e-04	0.0266
MAL12-726595	0.004	-0.0052	0.1456	-0.0076	0.0851	0.1135
MAL12-802737	0.1416	0.7796	0.1262	0.4721	-0.014	0.5005
MAL12-839896	0.3024	0.465	0.5236	0.0276	0.0664	-2e-04
MAL12-857238	0.0182	0.0018	0.0706	0.0671	-0.002	0.136
MAL12-858494	-0.0125	-0.0093	0.0191	-0.0124	0.0164	0.0096
MAL12-907255	0.068	0.0207	-0.0067	0.1719	0.0623	0.0271
MAL12-943330	0.1254	0.0053	0.1203	0.0648	-0.0103	0.0616
MAL12-1078311	0.5055	0.5924	0.4702	0.0353	-0.004	0.0597
MAL12-1156125	0.0015	0.2547	0.0935	0.1541	0.0263	0.046
MAL12-1212106	0.347	0.6368	0.5671	0.0998	0.0508	5e-04
MAL12-1214787	0.0531	0.5792	0.1449	0.3569	0.0081	0.2362
MAL12-1400880	0.2133	0.0036	0.3787	0.2678	0.033	0.4306
MAL12-1598773	0.1098	0.4504	0.245	0.1442	0.0161	0.0463
MAL12-1761552	0.5392	0.815	0.6104	0.1689	-0.0031	0.1172
MAL12-2046726	0.0551	0.5727	0.0226	0.3611	0.1526	0.6752
MAL12-2050164	0.1671	0.1263	0.1534	-0.013	-0.0132	-0.009
MAL12-2119221	0.0674	0.0533	0.3352	0.2323	0.1107	0.5275
MAL13-150118	0.0451	0.0489	-0.0014	0.1939	0.087	0.0209
MAL13-159660	0.1598	0.3109	0.2921	0.0603	0.0418	0.0021
MAL13-353364	0.1376	0.021	0.6545	0.0333	0.3149	0.5122
MAL13-639415	0.0278	0.0214	0.5672	-0.0145	0.397	0.4197
MAL13-714924	-0.0139	0.0011	-0.0084	0.0079	-0.0086	-0.0019
MAL13-853413	-0.0088	0.1829	0.0234	0.12	0.0547	0.3305
MAL13-942637	0.0175	-0.0071	0.068	0.0229	0.1275	0.0568
MAL13-1013875	0.0147	0.2496	0.1509	0.1243	0.048	0.0133
MAL13-1399233	0.0143	0.047	0.2208	0.1086	0.1182	0.3416
MAL13-1596183	-2e-04	0.2401	0.034	0.3418	-0.0048	0.4198
MAL13-1661997	0.0499	0.3413	0.1885	0.5613	0.0337	0.7147
MAL13-1709066	0.4699	0.7334	0.7271	0.0918	0.0884	-0.0094
MAL13-1716352	0.2785	0.007	0.0805	0.3658	0.0702	0.1509
MAL13-1777097	0.12	0.2205	0.3838	0.5442	0.0942	0.779
MAL13-2383027	-0.0043	-0.0033	0.0309	0.0121	0.0055	0.0613
MAL13-2470584	0.0323	0.1155	0.2118	0.0116	0.0751	0.0148
MAL13-2477441	-0.0016	0.4563	0.0875	0.3535	0.1569	0.6957
MAL13-2553416	0.1514	-0.0064	0.6223	0.1782	0.284	0.6467
MAL13-2672190	0.0396	0.1168	0.1874	0.0043	0.0431	0.0022
MAL13-2704604	0.1408	0.1564	0.4218	0.4695	0.0948	0.7249
MAL14-201791	0.7749	0.8826	0.8963	0.0358	0.0557	-0.0057
MAL14-221707	0.0845	0.9022	0.0854	0.7454	-0.0122	0.7508
MAL14-312693	0.018	0.0195	0.0213	NaN	NaN	NaN
MAL14-334976	0.1904	0.0415	0.3641	0.3878	0.036	0.5617
MAL14-442134	-0.0078	0.6341	0.0431	0.5697	0.0094	0.4447
MAL14-564339	0.0666	0.0446	0.1206	-0.0132	-0.0061	0.0083
MAL14-722436	0.1254	0.1913	0.3224	-0.0037	0.0624	0.0215
MAL14-832589	0.1092	0.1066	0.1836	-0.0111	0.0083	0.0128
MAL14-860816	0.0363	0.1007	0.3712	0.2414	0.1887	0.6052
MAL14-911764	-0.0084	0.147	0.1143	0.1837	0.074	0.4002
MAL14-1103685	0.0256	0.3049	-0.0075	0.1403	0.0146	0.2759
MAL14-1106081	-0.0127	0.3347	-0.0069	0.2998	-0.0122	0.3033
MAL14-1161488	0.7277	0.7961	0.8191	-0.0048	0.0097	-0.0088
MAL14-1199721	0.016	0.0809	-0.0081	0.0043	0.0335	0.1065
MAL14-1392975	-0.0123	0.1303	0.0558	0.1063	0.0705	0.3134
MAL14-1405313	0.1002	0.0446	0.6174	-0.0048	0.3247	0.4212
MAL14-1454903	0.0862	0.0239	0.0203	0.2112	0.0101	0.1085
MAL14-1482198	0.0928	0.0141	0.3285	0.0109	0.076	0.191
MAL14-1818960	0.3831	0.0148	0.3782	0.5165	-0.0078	0.5117
MAL14-1903017	0.1594	0.0875	0.3125	0.4305	0.0235	0.5884
MAL14-2181307	0.6886	0.5432	0.6466	0.0168	-0.0125	0.0057
MAL14-2275535	0.2427	-0.007	0.6781	0.2312	0.2728	0.6702
MAL14-2373291	0.1763	0.4377	0.461	0.0912	0.1112	-0.0056
MAL14-2536420	0.1966	0.0029	0.6202	0.2636	0.233	0.674
MAL14-2615028	0.3432	0.5154	0.482	0.0416	0.023	-0.0035
MAL14-2752309	-0.0048	0.0196	-0.0051	0.0353	-0.0057	0.026
MAL14-2816701	0.1404	0.2989	0.205	0.0402	-0.0011	0.0137
MAL14-3009282	-0.0085	0.0145	-0.0035	0.0048	-0.0077	0.0053
MAL14-3017815	-0.0018	0.1868	0.0567	0.0981	0.0052	0.033
MAL14-3043465	0.0031	0.3682	-0.0071	0.269	0.0194	0.4046
MAL14-3124740	0.2582	0.2287	0.2824	-0.0141	-0.0123	-0.005
MAL14-3126540	0.4642	0.4777	0.6549	-0.0134	0.0532	0.0487

D

Loci	sid98,  vs  sid75,	sid98,  vs  sid50,	sid98,  vs  sid1,	sid75,  vs  sid50,	sid75,  vs  sid1,	sid50,  vs  sid1,
MAL01-145461	0.0284	0.0492	0.0126	0.0019	0.0018	0.0107
MAL01-167547	0.03	0.0031	0.0047	0.0609	0.0651	-0.001
MAL01-389906	-0.0048	0.0439	-8e-04	0.0307	-0.0042	0.0257
MAL02-131505	-0.0082	0.1352	0.0938	0.1368	0.0949	0.0026
MAL02-194835	0.0305	0.326	0.2598	0.1549	0.1059	0.0023
MAL02-255652	0.1186	0.2047	0.2705	0.0086	0.0333	0.0043
MAL02-290673	0.4151	0.5654	0.3692	0.0164	-0.0025	0.0327
MAL02-294544	-0.0036	0.056	-0.0022	0.0762	2e-04	0.0452
MAL02-297021	0.3983	0.5519	0.3587	0.0171	-0.0031	0.0316
MAL02-322398	0.3452	0.4466	0.2488	0.0065	0.0065	0.039
MAL02-417203	0.0183	0.0129	0.0231	0.0682	-0.0049	0.0746
MAL02-510210	0.0361	0.0362	0.3178	-0.0046	0.153	0.1545
MAL02-514461	0.0148	-0.0047	0.1733	0.019	0.0733	0.1844
MAL02-569613	0.0056	0.0275	0.0292	0.0033	0.0043	-0.0011
MAL02-608790	-0.0085	0.039	0.0905	0.0318	0.0961	0.2493
MAL02-660994	-0.0033	0.3856	0.0056	0.3544	0.0108	0.4733
MAL02-680916	0.0498	0.0808	0.0674	0.0025	0	2e-04
MAL02-723983	0.0709	0.2527	0.107	0.0602	-5e-04	0.0366
MAL02-792270	0.0073	0.0306	0.0831	0.0811	0.0278	0.2094
MAL03-139623	-2e-04	0.0013	0.0049	0.0038	0.001	0.0124
MAL03-192822	0.0841	0.1535	0.2079	0.002	0.0224	-1e-04
MAL03-355045	0.0068	0.0498	0.0555	0.0109	0.0144	-0.0015
MAL03-666808	-0.002	0.0088	0.0284	0.0023	0.0174	0.0041
MAL03-714600	3e-04	0.3752	-6e-04	0.4037	5e-04	0.373
MAL03-849722	0.0025	0.0058	0.006	3e-04	3e-04	0
MAL04-134941	0.1513	0.1965	0.1552	0.5932	-6e-04	0.5976
MAL04-163143	0.0027	8e-04	0	-4e-04	0.0016	2e-04
MAL04-193196	0.0368	0.0427	0.0527	-5e-04	9e-04	3e-04
MAL04-273727	-0.0084	0.1278	0.0118	0.1369	0.0139	0.054
MAL04-282592	8e-04	-2e-04	2e-04	0.0019	0.0028	-1e-04
MAL04-307321	3e-04	1e-04	0.0021	-3e-04	2e-04	7e-04
MAL04-342497	0.1466	0.2252	0.0954	0.0045	0.0011	0.0281
MAL04-361423	0.0811	0.1692	0.0371	0.0097	0.0025	0.045
MAL04-422595	-0.0073	0.1016	-0.0049	0.0799	-0.006	0.1026
MAL04-441887	0.0059	0.0018	0.0061	6e-04	0	7e-04
MAL04-469608	3e-04	0.0195	0.002	0.0134	2e-04	0.0081
MAL04-515294	0.0602	0.145	0.0376	0.3704	-3e-04	0.3191
MAL04-544408	-0.0035	0.0024	4e-04	-8e-04	-0.0021	-0.0026
MAL04-637111	0.4031	-0.005	0.1435	0.3676	0.0815	0.1191
MAL04-666150	0.1124	-0.0016	0.1095	0.1117	-0.0065	0.1089
MAL04-680633	0.0691	0.5302	0.0154	0.2505	0.0139	0.3876
MAL04-702725	0.0013	0.3985	0.0105	0.4472	0.0238	0.2943
MAL04-755220	0.6761	0.9168	0.8209	0.046	0.0144	0.0076
MAL04-772972	0.3464	0.0139	0.3027	0.221	-0.0037	0.1847
MAL04-799238	0.2878	0.0178	0.0943	0.4308	0.0553	0.1967
MAL04-809686	0.3291	0.3356	0.3212	-3e-04	-3e-04	0
MAL04-846290	0.0092	0.0144	0.0063	3e-04	-1e-04	0.0013
MAL04-872322	-0.0056	0.0427	0.1864	0.0507	0.1688	0.379
MAL04-894155	4e-04	0	0.0048	4e-04	0.0012	0.0048
MAL04-895873	0.0511	0.012	0.0308	0.0081	-0.0019	8e-04
MAL04-915180	0.0038	0.0053	8e-04	-0.0012	5e-04	0.0014
MAL04-934434	0.1736	0.0302	0.0627	0.3322	0.0238	0.1797
MAL04-936350	0.1075	0.0427	0.1746	0.276	0.0013	0.364
MAL04-991586	0.3185	-0.0033	0.1616	0.2979	0.0269	0.1456
MAL04-994352	0.0592	0.0333	-0.0019	0.1884	0.0364	0.0559
MAL05-132132	0.1042	0.4329	0.2446	0.1307	0.0269	0.0326
MAL05-144161	0.0521	-7e-04	0.0676	0.0545	-0.0038	0.0701
MAL05-192222	0.6834	0.576	0.5118	0.0066	0.0219	6e-04
MAL05-329493	0.0231	-0.0014	0.0257	0.0128	-0.0049	0.0154
MAL05-364227	0.0876	0.0091	0.0698	0.0376	-0.0038	0.0264
MAL05-369684	0.1984	0.1306	0.2875	0.005	0.0097	0.0366
MAL05-383150	0.0102	0.0159	0.0091	-0.0015	-0.0017	-4e-04
MAL05-396039	0.3033	0.4822	0.3603	0.031	5e-04	0.0144
MAL05-426361	0.0346	0	0.1428	0.0484	0.033	0.1664
MAL05-475275	0.2115	0.7008	0.2356	0.2056	-0.0069	0.1858
MAL05-622362	0.2474	0.749	0.1303	0.2073	0.0165	0.3482
MAL05-668859	0.1927	0.0036	0.3942	0.1435	0.0421	0.3322
MAL05-680743	0.0509	0.1496	0.0947	0.0244	0.0036	0.0063
MAL05-734299	0.004	0.0018	0.0392	-6e-04	0.0161	0.0229
MAL05-796712	0.1043	0.0045	0.0789	0.1551	-0.0042	0.1243
MAL05-798464	-0.0019	0.0561	1e-04	0.0849	-0.0049	0.0851
MAL05-831868	0.006	0.2237	-0.002	0.1358	0.0153	0.2523
MAL05-855820	0.3005	0.0172	0.4617	0.1674	0.0245	0.3073
MAL05-908821	0.1428	0.0433	0.3762	0.0229	0.0624	0.1795
MAL05-931601	0.0016	0.0315	0.151	0.0698	0.09	0.3068
MAL05-1043649	0.3496	0.6394	0.2249	0.0726	0.0124	0.1584
MAL05-1188652	0.0187	0.1826	-0.003	0.0778	0.0085	0.1527
MAL05-1217046	0.3482	0.6178	0.383	0.0564	-0.0055	0.0434
MAL06-148357	0.0116	0.0017	0.0075	0.0031	-0.001	0.0012
MAL06-159081	0.4083	0.7225	0.69	0.0767	0.0617	-6e-04
MAL06-182962	0.0115	0.082	-0.003	0.0176	0.0016	0.0581
MAL06-261657	0.023	0.0737	0.0211	0.0031	-0.0071	0.0099
MAL06-312410	0.059	0.4778	0.0204	0.2281	0.0053	0.3253
MAL06-315729	0	0	0.0155	0	0.0152	0.0154
MAL06-327977	0.1217	0.3538	0.2343	0.0687	0.0153	0.0151
MAL06-378824	0.0433	0.0677	0.0561	0.0019	-1e-04	3e-04
MAL06-404675	-7e-04	0.0013	0.0313	0.0015	0.0292	0.0466
MAL06-417465	0.0163	0.0206	0.0332	-8e-04	0.0021	0.0011
MAL06-510590	-7e-04	0.0013	0.0346	0.0015	0.0325	0.0506
MAL06-581030	0.3682	0.4171	0.1826	0.0019	0.0418	0.0656
MAL06-654198	-0.0012	0.0175	-7e-04	0.0015	0.0107	0.0383
MAL06-909067	0.0079	-2e-04	3e-04	0.0039	0.0134	0.0016
MAL06-938236	0.1619	0.7314	0.138	0.2861	-0.0056	0.3211
MAL07-178000	0.0908	0.0165	0.4122	0.0203	0.1305	0.2685
MAL07-277102	0.1133	0.001	0.2333	0.1451	0.0181	0.2735
MAL07-281602	0.0276	-4e-04	2e-04	0.0263	0.0346	3e-04
MAL07-283525	0.0168	0.1019	0.0753	0.2127	0.0096	0.3288
MAL07-537094	0.003	5e-04	0.007	0.0071	-9e-04	0.0122
MAL07-665556	2e-04	0.0058	0.0048	0.0015	9e-04	0
MAL07-1122074	3e-04	0.0024	0.0025	3e-04	3e-04	0
MAL07-1184520	0.2017	-0.0021	0.1244	0.2182	0.0041	0.1379
MAL07-1225730	-0.0085	0.1818	0.0649	0.195	0.0726	0.0295
MAL07-1314717	0.0367	1e-04	0.0285	0.0418	-0.0025	0.033
MAL07-1318034	0.043	0.075	0.0475	0.0033	-0.0013	0.0029
MAL08-324349	0.1137	0.5999	0.0548	0.2519	0.0074	0.3582
MAL08-329153	0.3264	0.3806	0.4497	-0.0058	0.008	-6e-04
MAL08-414103	0.2387	0.0067	0.4084	0.319	0.0242	0.4991
MAL08-415215	0.4283	0.0536	0.6603	0.2088	0.0392	0.4119
MAL08-418882	0.0038	0.3923	0	0.3306	0.0029	0.3854
MAL08-423288	0.0111	0.0162	-7e-04	-7e-04	0.0052	0.0091
MAL08-472454	0.3898	0.4474	0.4306	0.0024	7e-04	-1e-04
MAL08-477431	0.2523	0.6199	0.6295	0.1167	0.1233	-0.0018
MAL08-502175	0.1719	-8e-04	0.2849	0.1642	0.011	0.2758
MAL08-506860	0.1719	-1e-04	0.2415	0.1885	2e-04	0.2599
MAL08-510277	-0.0016	-0.0013	-0.0012	-0.0052	-0.004	-0.0032
MAL08-550806	-0.0019	0.0365	0.1381	0.0608	0.0983	0.2982
MAL08-598974	0.0604	0.1845	0.118	0.0334	0.0063	0.0079
MAL08-620258	0.4426	0.607	0.5445	0.0203	0.0058	0.0019
MAL08-682727	0.2764	0.4415	0.3374	0.0209	-0.002	0.007
MAL08-702678	0.0242	0.0053	0.0105	0.0049	0.001	-2e-04
MAL08-740413	-0.0066	0.237	-0.0041	0.276	-0.0012	0.2102
MAL08-753870	0.0297	0.0725	0.0633	0.007	0.0039	-3e-04
MAL08-880658	0.0718	-6e-04	0.0541	0.0686	-0.0031	0.0513
MAL08-992462	0.03	0.075	0.0346	0.0055	-0.0036	0.0057
MAL08-998189	0.1308	0.0252	0.1461	0.0325	-0.0072	0.0434
MAL08-1113364	0.0792	0.0866	0.0487	-0.007	-9e-04	0.0019
MAL08-1122713	0.1641	0.3918	0.0134	0.0567	0.0761	0.2631
MAL08-1191793	0.0116	-0.0049	-0.0031	0.0236	0.0024	0.0013
MAL08-1238679	0.1524	0.3627	0.2274	0.0489	0.0016	0.0162
MAL08-1249200	0.0174	0.0176	0.0158	0	0	0
MAL09-231063	0.0307	0.0562	0.11	0.1823	0.0173	0.3138
MAL09-265315	0.3926	0.0565	0.4723	0.1663	6e-04	0.2297
MAL09-478750	0.0492	0.2871	0.001	0.1068	0.0328	0.2524
MAL09-597888	-4e-04	5e-04	5e-04	3e-04	3e-04	0
MAL09-634010	0.0069	-1e-04	0.0184	0.0117	-0.0012	0.0251
MAL09-917254	0.0071	7e-04	0.0049	0.0023	-0.001	0.0012
MAL09-1142293	0.0372	0.1608	0.0676	0.3366	0.0024	0.3982
MAL09-1204316	0.0129	0.0876	0.0541	0.0292	0.0105	8e-04
MAL09-1206830	3e-04	0.0024	0.0025	3e-04	3e-04	0
MAL10-190158	0.1248	0.43	0.3216	0.1073	0.0478	0.0093
MAL10-303698	0.0867	2e-04	0.2973	0.1008	0.0696	0.3186
MAL10-996032	0.0057	0.1138	0.0791	0.0475	0.0248	-0.002
MAL10-1047321	0.5421	0.5895	0.6373	-0.0012	0.0057	6e-04
MAL10-1228500	5e-04	5e-04	5e-04	0	0	0
MAL10-1281631	0.0017	0.1272	0.0019	0.0742	0.0227	0.1843
MAL10-1322020	0.0016	0.0033	0.0013	-7e-04	-6e-04	-1e-04
MAL10-1389364	0.068	0.0307	0.1194	0.1889	-2e-04	0.2591
MAL10-1391783	0.0011	-9e-04	0.0021	0.0021	-2e-04	0.0033
MAL10-1519672	0.0147	2e-04	0.0138	0.0217	-0.0026	0.0203
MAL11-386092	-0.0058	0.0811	0.0077	0.0767	0.0051	0.0346
MAL11-565294	-0.0014	0.4058	0.0907	0.4241	0.1012	0.1345
MAL11-593539	-3e-04	-2e-04	0.0215	3e-04	0.016	0.0248
MAL11-637435	0.0239	0.2245	0.1162	0.3858	0.0302	0.5721
MAL11-683964	0.0729	0.0042	-6e-04	0.0376	0.0719	0.004
MAL11-753549	-0.0072	-0.0058	0.1411	-0.0077	0.1504	0.1467
MAL11-773903	0.0139	0.0491	-0.0025	0.0083	0.0118	0.0449
MAL11-792549	0.0745	0.0075	0.0311	0.1333	0.0039	0.0738
MAL11-828595	0.0414	0.0216	0.0474	-6e-04	-0.0036	0.0025
MAL11-874947	0.2055	-6e-04	0.2757	0.2114	-7e-04	0.2821
MAL11-920191	0.0266	7e-04	0.037	0.0171	-0.0021	0.0261
MAL11-968080	-0.0018	0.0262	0.0333	0.013	0.0511	0.1214
MAL11-987252	0.0723	0.0101	0.0593	0.0161	-0.0065	0.0108
MAL11-1020133	-0.0023	0.0257	0.0258	0.0395	0.0395	-4e-04
MAL11-1038073	0.0057	0.1337	0.012	0.0664	-0.005	0.0606
MAL11-1188633	-0.0053	0.0423	-0.0019	0.041	-0.0031	0.06
MAL11-1243997	4e-04	0.0556	0.0064	0.0957	-0.0052	0.1094
MAL11-1271589	0.1232	0.4343	0.1006	0.1166	-0.0044	0.1458
MAL11-1275603	0.1232	0.2546	0.1482	0.0191	-0.006	0.0122
MAL11-1295603	8e-04	-2e-04	5e-04	0.0019	0.0039	1e-04
MAL11-1321195	-0.0016	0.002	0.012	-6e-04	0.0069	0.0024
MAL11-1509521	0.0064	0.0109	3e-04	3e-04	0.0019	0.0049
MAL11-1748611	0.2395	0.0306	0.2823	0.0943	-0.0033	0.1264
MAL11-1752891	0.5933	0.1365	0.6534	0.2108	-0.0016	0.2588
MAL11-1791173	0.1196	0.0018	-1e-04	0.0895	0.1132	0.001
MAL12-175811	0.1597	0.0062	0.3253	0.2447	0.0299	0.4295
MAL12-381783	8e-04	-4e-04	0.0071	4e-04	0.001	0.0063
MAL12-399322	0.1123	0.0269	0.0052	0.0216	0.0608	0.0035
MAL12-529412	0.3221	0.4655	0.276	0.0153	-0.0026	0.0334
MAL12-646259	0.0062	0.0091	0.0085	-0.0021	-0.0017	-0.0015
MAL12-698129	0.0786	0.3219	0.0123	0.094	0.0277	0.2241
MAL12-702015	0.0069	-3e-04	0.0013	0.0114	1e-04	0.0038
MAL12-726595	8e-04	-0.0011	0.0194	-0.0013	0.0072	0.0122
MAL12-802737	0.0708	0.5168	0.0623	0.2361	-0.007	0.2564
MAL12-839896	0.1512	0.2325	0.2618	0.0072	0.0161	0
MAL12-857238	0.0073	6e-04	0.0304	0.0258	-9e-04	0.0568
MAL12-858494	-0.0039	-0.003	0.0068	-0.004	0.0059	0.0035
MAL12-907255	0.0231	0.004	-0.0016	0.0532	0.0213	0.0054
MAL12-943330	0.027	6e-04	0.0251	0.0153	-0.0031	0.0142
MAL12-1078311	0.2291	0.2658	0.214	0.0015	-4e-04	0.0037
MAL12-1156125	7e-04	0.1049	0.0408	0.0558	0.0105	0.0132
MAL12-1212106	0.1924	0.3917	0.3399	0.0402	0.0211	2e-04
MAL12-1214787	0.0206	0.3455	0.0628	0.1987	0.0037	0.1261
MAL12-1400880	0.0585	2e-04	0.1409	0.0704	0.0143	0.1575
MAL12-1598773	0.0544	0.2593	0.1297	0.0727	0.0081	0.0218
MAL12-1761552	0.3199	0.5376	0.3711	0.0436	-0.0011	0.0258
MAL12-2046726	0.0163	0.3188	0.0035	0.1947	0.0401	0.3819
MAL12-2050164	0.0684	0.049	0.0615	-0.006	-0.0061	-0.0041
MAL12-2119221	0.0259	0.0121	0.1676	0.0804	0.0554	0.2638
MAL13-150118	0.0173	0.0121	-4e-04	0.0668	0.0322	0.0046
MAL13-159660	0.0461	0.0797	0.076	0.0039	0.003	0
MAL13-353364	0.061	0.0079	0.4109	0.0153	0.1705	0.3022
MAL13-639415	0.0099	0.0075	0.3329	-0.0057	0.2225	0.2366
MAL13-714924	-0.0062	4e-04	-0.0036	0.0033	-0.0038	-8e-04
MAL13-853413	-0.0039	0.0949	0.0095	0.0617	0.0233	0.1745
MAL13-942637	5e-04	-4e-04	0.0096	7e-04	0.0155	0.0082
MAL13-1013875	0.0063	0.0932	0.059	0.0377	0.0159	0.0028
MAL13-1399233	0.0021	0.0024	0.0662	0.0116	0.0383	0.0946
MAL13-1596183	-1e-04	0.1286	0.0147	0.1884	-0.0019	0.2359
MAL13-1661997	0.0212	0.1886	0.075	0.3369	0.0103	0.4552
MAL13-1709066	0.2522	0.4787	0.4719	0.0438	0.0422	-0.0038
MAL13-1716352	0.1133	0.001	0.0235	0.1451	0.0308	0.0406
MAL13-1777097	0.0594	0.1116	0.1884	0.3254	0.0334	0.5252
MAL13-2383027	-8e-04	-7e-04	0.0047	0.0025	7e-04	0.011
MAL13-2470584	0.0114	0.0375	0.0637	0.0028	0.0158	0.0022
MAL13-2477441	-7e-04	0.2622	0.0285	0.1966	0.0579	0.4327
MAL13-2553416	0.0487	-0.001	0.3504	0.0561	0.1515	0.3657
MAL13-2672190	0.0173	0.0491	0.0767	0.0015	0.0141	6e-04
MAL13-2704604	0.0665	0.0428	0.2359	0.2127	0.0486	0.4362
MAL14-201791	0.5248	0.6576	0.6775	0.0109	0.0165	-0.0012
MAL14-221707	0.0282	0.6879	0.0283	0.4903	-0.0049	0.4955
MAL14-312693	5e-04	5e-04	6e-04	0	0	0
MAL14-334976	0.0896	0.021	0.1677	0.2089	0.0101	0.3098
MAL14-442134	-0.003	0.3959	0.0184	0.3449	0.0041	0.2531
MAL14-564339	0.0246	0.0157	0.0479	-0.0054	-0.0027	0.0036
MAL14-722436	0.027	0.0495	0.1093	-0.0013	0.0245	0.0088
MAL14-832589	0.0116	0.011	0.0299	-0.0021	0.0019	0.003
MAL14-860816	0.0122	0.0177	0.1846	0.0664	0.094	0.3004
MAL14-911764	-0.0025	0.026	0.0451	0.0376	0.0298	0.1385
MAL14-1103685	0.0115	0.1642	-0.0031	0.0731	0.0066	0.1477
MAL14-1106081	-0.0052	0.102	-0.0028	0.0849	-0.0049	0.086
MAL14-1161488	0.4281	0.5094	0.5395	-0.0023	0.0045	-0.0039
MAL14-1199721	0.0068	0.0326	-0.0037	0.0015	0.0145	0.0442
MAL14-1392975	-0.0038	0.0298	0.0222	0.0227	0.0276	0.1076
MAL14-1405313	0.0416	0.017	0.377	-0.0022	0.1785	0.2397
MAL14-1454903	0.0372	0.007	0.0079	0.0867	0.0046	0.0385
MAL14-1482198	0.0473	0.0071	0.1713	0.0053	0.0324	0.0906
MAL14-1818960	0.1466	0.0072	0.1451	0.2374	-7e-04	0.2354
MAL14-1903017	0.0797	0.0438	0.1562	0.2455	0.0086	0.3528
MAL14-2181307	0.4421	0.3248	0.406	0.0063	-0.0042	0.0022
MAL14-2275535	0.065	-4e-04	0.3665	0.0624	0.1421	0.3619
MAL14-2373291	0.0846	0.205	0.2155	0.0256	0.0306	-9e-04
MAL14-2536420	0.0647	3e-04	0.3424	0.0832	0.1223	0.3748
MAL14-2615028	0.1654	0.2461	0.2305	0.0079	0.0047	-4e-04
MAL14-2752309	-3e-04	5e-04	-3e-04	0.0015	-4e-04	8e-04
MAL14-2816701	0.0514	0.1006	0.0725	0.0065	-2e-04	0.0018
MAL14-3009282	-8e-04	9e-04	-3e-04	3e-04	-6e-04	3e-04
MAL14-3017815	-9e-04	0.0922	0.0281	0.0454	0.0025	0.0142
MAL14-3043465	0.0013	0.12	-0.0032	0.0706	0.0082	0.1409
MAL14-3124740	0.0838	0.0699	0.095	-0.0059	-0.0053	-0.0021
MAL14-3126540	0.2615	0.2699	0.3852	-0.0044	0.0144	0.0129

Fst

Loci	sid98,  vs  sid75,	sid98,  vs  sid50,	sid98,  vs  sid1,	sid75,  vs  sid50,	sid75,  vs  sid1,	sid50,  vs  sid1,
MAL01-145461	0.0686	0.1628	0.0296	0.0176	0	0.0553
MAL01-167547	0.0496	0.004	0.014	0.1278	0.1648	-0.0113
MAL01-389906	-0.0161	0.0844	-0.0064	0.0666	-0.0143	0.0504
MAL02-131505	-0.0176	0.1954	0.1356	0.2148	0.1439	0.0017
MAL02-194835	0.0234	0.3325	0.2655	0.1833	0.1202	-0.0015
MAL02-255652	0.1182	0.2354	0.3753	0.0092	0.0904	0.0109
MAL02-290673	0.4075	0.5693	0.3633	0.0322	-0.0116	0.0574
MAL02-294544	-0.0144	0.1554	-0.0092	0.2179	-0.0067	0.1196
MAL02-297021	0.3923	0.5525	0.3524	0.03	-0.0122	0.0518
MAL02-322398	0.3367	0.4611	0.2451	0.0076	0.0022	0.063
MAL02-417203	0.0294	0.0489	0.0365	0.1851	-0.0145	0.1525
MAL02-510210	0.1354	0.1227	0.3961	-0.0186	0.1558	0.1626
MAL02-514461	0.0096	-0.0138	0.1689	0.0144	0.0664	0.1792
MAL02-569613	0.0023	0.0634	0.0805	0.0036	0.0115	-0.0113
MAL02-608790	-0.0177	0.032	0.1175	0.0226	0.1282	0.278
MAL02-660994	-0.0156	0.3919	0.0116	0.3468	0.0246	0.5262
MAL02-680916	0.0926	0.1952	0.1823	0.0138	-0.0064	-0.0043
MAL02-723983	0.0737	0.3898	0.1389	0.2145	-0.0081	0.1159
MAL02-792270	0.0029	0.0763	0.0917	0.1747	0.0224	0.2719
MAL03-139623	-0.0102	0.0223	0.022	0.0594	-0.0032	0.0742
MAL03-192822	0.0789	0.1473	0.2035	-0.007	0.0186	-0.0058
MAL03-355045	0.001	0.0818	0.1065	0.0177	0.0324	-0.0109
MAL03-666808	-0.0139	0.0211	0.1413	2e-04	0.1239	0.0369
MAL03-714600	-0.0062	0.4808	-0.0103	0.4816	-0.0029	0.5243
MAL03-849722	0.012	0.0594	0.0907	0.0081	0.0253	NaN
MAL04-134941	0.2444	0.1916	0.3326	0.6143	-0.0145	0.7037
MAL04-163143	0.0625	0.0204	-0.0031	-0.0154	0.028	2e-04
MAL04-193196	0.0969	0.1336	0.2357	-0.0157	0.0216	0.0045
MAL04-273727	-0.0171	0.1388	0.0069	0.1517	0.007	0.0612
MAL04-282592	0.0018	-0.0109	9e-04	0.0176	0.0543	-0.0089
MAL04-307321	0.011	0.0018	0.0278	-0.017	-0.0061	0.0037
MAL04-342497	0.1425	0.2415	0.0939	-8e-04	-0.0063	0.0364
MAL04-361423	0.0726	0.1692	0.0319	0.0041	-0.0047	0.0464
MAL04-422595	-0.0162	0.0958	-0.0104	0.0735	-0.0135	0.0972
MAL04-441887	0.0475	0.0086	0.0927	0.0071	NaN	0.0315
MAL04-469608	0.0113	0.1317	0.0277	0.0597	-0.0063	0.0422
MAL04-515294	0.0771	0.1382	0.0498	0.3717	-0.0083	0.3337
MAL04-544408	-0.0169	-0.0021	-0.0045	-0.0109	-0.0117	-0.0105
MAL04-637111	0.419	-0.0126	0.1392	0.3952	0.1181	0.1152
MAL04-666150	0.1954	-0.0142	0.1628	0.1882	-0.0147	0.1578
MAL04-680633	0.0916	0.5258	0.0197	0.2673	0.01	0.3795
MAL04-702725	-5e-04	0.4627	0.0257	0.5001	0.0645	0.3266
MAL04-755220	0.7179	0.9151	0.8133	0.1885	0.0396	0.0438
MAL04-772972	0.3521	0.0145	0.3001	0.2123	-0.012	0.1786
MAL04-799238	0.2839	0.0286	0.0964	0.4568	0.0499	0.2229
MAL04-809686	0.4149	0.462	0.5035	-0.017	-0.013	-0.006
MAL04-846290	0.0434	0.0975	0.037	0.0077	-0.01	0.0186
MAL04-872322	-0.0167	0.0833	0.1825	0.1034	0.1606	0.3971
MAL04-894155	0.0197	NaN	0.0511	0.0158	-8e-04	0.0473
MAL04-895873	0.1078	0.0275	0.0615	0.0048	-0.0101	-0.0044
MAL04-915180	0.0673	0.0657	0.0147	-0.0176	-2e-04	0.0098
MAL04-934434	0.1796	0.0623	0.0667	0.4079	0.0165	0.2281
MAL04-936350	0.1092	0.0833	0.1713	0.3591	-0.006	0.3851
MAL04-991586	0.327	-0.0131	0.1703	0.2999	0.0208	0.1495
MAL04-994352	0.053	0.043	-0.0074	0.2148	0.0299	0.069
MAL05-132132	0.1583	0.457	0.2724	0.1242	0.0195	0.029
MAL05-144161	0.1554	-0.014	0.1442	0.1566	-0.0133	0.1447
MAL05-192222	0.6723	0.5727	0.504	0.0087	0.0385	-0.0048
MAL05-329493	0.0411	-0.0112	0.043	0.0156	-0.0147	0.021
MAL05-364227	0.2631	0.053	0.1678	0.0727	-0.0132	0.0476
MAL05-369684	0.2334	0.147	0.4744	0.0031	0.0695	0.158
MAL05-383150	0.0175	0.0388	0.0212	-0.0164	-0.0143	-0.0074
MAL05-396039	0.3012	0.548	0.4064	0.1211	-0.0057	0.054
MAL05-426361	0.0852	-0.007	0.2056	0.1333	0.032	0.2429
MAL05-475275	0.2967	0.7	0.2775	0.2571	-0.0146	0.2121
MAL05-622362	0.3704	0.7542	0.201	0.2595	0.0101	0.3546
MAL05-668859	0.393	0.0237	0.4648	0.2413	0.0348	0.3666
MAL05-680743	0.0613	0.2621	0.1614	0.0897	0.0041	0.0233
MAL05-734299	0.07	0.0349	0.1447	-0.0144	0.0391	0.0686
MAL05-796712	0.1762	0.0178	0.1225	0.3028	-0.0122	0.2093
MAL05-798464	-0.0116	0.174	-0.0052	0.2598	-0.0148	0.1911
MAL05-831868	0	0.2248	-0.0085	0.1268	0.0165	0.2666
MAL05-855820	0.2957	0.0112	0.5576	0.1749	0.0868	0.4486
MAL05-908821	0.1947	0.0684	0.3811	0.0162	0.0578	0.1735
MAL05-931601	-0.0063	0.0594	0.1499	0.1237	0.0827	0.3308
MAL05-1043649	0.3423	0.6729	0.2209	0.2105	0.0071	0.2588
MAL05-1188652	0.014	0.3319	-0.0087	0.2502	0.0031	0.2628
MAL05-1217046	0.4183	0.6264	0.4015	0.0684	-0.0134	0.0513
MAL06-148357	0.1218	0.0339	0.06	0.0117	-0.012	0.0015
MAL06-159081	0.4474	0.7182	0.6888	0.1402	0.1173	-0.0083
MAL06-182962	0.0029	0.0791	-0.0082	0.0115	-0.0057	0.0556
MAL06-261657	0.0151	0.0669	0.0163	-0.006	-0.0145	0.0043
MAL06-312410	0.0969	0.4919	0.0336	0.2225	2e-04	0.3221
MAL06-315729	NaN	NaN	0.0903	NaN	0.0718	0.0838
MAL06-327977	0.1131	0.3884	0.2485	0.1208	0.0165	0.028
MAL06-378824	0.0956	0.1962	0.1852	0.0176	-0.0074	-0.0015
MAL06-404675	-0.0171	0.0226	0.0936	0.0342	0.0749	0.1506
MAL06-417465	0.0467	0.0725	0.1899	-0.0194	0.0693	0.0381
MAL06-510590	-0.0171	0.0226	0.1001	0.0342	0.0808	0.1571
MAL06-581030	0.4146	0.5245	0.1948	0.0176	0.0855	0.1652
MAL06-654198	-0.0106	0.0218	-0.0061	-0.0061	0.0064	0.0491
MAL06-909067	0.0414	-0.0094	0.001	0.0116	0.1218	0.0206
MAL06-938236	0.2645	0.7331	0.1981	0.3323	-0.0133	0.331
MAL07-178000	0.0977	0.015	0.4104	0.0122	0.1518	0.2806
MAL07-277102	0.1983	-0.0012	0.2818	0.276	0.0111	0.3362
MAL07-281602	0.1322	-0.0138	0.0013	0.1165	0.2485	0.0045
MAL07-283525	0.0102	0.1958	0.0715	0.3485	0.0022	0.3803
MAL07-537094	0.0213	0.0104	0.0364	0.0858	-0.0119	0.0739
MAL07-665556	-0.0074	0.0588	0.0609	0.0337	0.0213	-0.0055
MAL07-1122074	-0.0055	0.0349	0.0576	0.0081	0.0253	NaN
MAL07-1184520	0.2467	-0.0129	0.1504	0.2685	-0.0033	0.1668
MAL07-1225730	-0.0172	0.2209	0.0676	0.2482	0.0752	0.046
MAL07-1314717	0.1807	-0.0018	0.109	0.2106	-0.0132	0.126
MAL07-1318034	0.0866	0.2074	0.1332	0.0523	-0.0213	0.0283
MAL08-324349	0.3677	0.6991	0.1717	0.2426	0.0053	0.3685
MAL08-329153	0.3796	0.4148	0.4514	-0.0163	0.0023	-0.0069
MAL08-414103	0.2993	0.0225	0.4134	0.4443	0.0196	0.5147
MAL08-415215	0.5918	0.1731	0.6669	0.2175	0.0448	0.4057
MAL08-418882	0.0673	0.5556	-0.0041	0.3919	0.0549	0.6106
MAL08-423288	0.0297	0.0572	-0.0072	-0.0155	0.012	0.0322
MAL08-472454	0.4186	0.5312	0.563	0.0131	-7e-04	-0.0076
MAL08-477431	0.286	0.615	0.6331	0.1636	0.1952	-0.0113
MAL08-502175	0.3261	-0.0135	0.3576	0.2909	0.0038	0.3334
MAL08-506860	0.3261	-0.0088	0.322	0.3591	-0.0071	0.3424
MAL08-510277	-0.0113	-0.0092	-0.007	-0.0184	-0.0143	-0.0113
MAL08-550806	-0.0116	0.0967	0.1452	0.1565	0.0947	0.3559
MAL08-598974	0.0677	0.2985	0.1844	0.1143	0.0106	0.0294
MAL08-620258	0.4363	0.6116	0.555	0.0458	0.0069	2e-04
MAL08-682727	0.2839	0.4361	0.3315	0.0207	-0.0098	0.0044
MAL08-702678	0.1749	0.0657	0.0722	0.0122	-0.0026	-0.007
MAL08-740413	-0.0153	0.299	-0.0093	0.3591	-0.0086	0.2553
MAL08-753870	0.0471	0.1679	0.1658	0.0311	0.0155	-0.0084
MAL08-880658	0.2106	-0.0135	0.1336	0.1875	-0.0122	0.1205
MAL08-992462	0.0328	0.1149	0.0473	0.0053	-0.0146	0.0078
MAL08-998189	0.1383	0.0257	0.1477	0.0237	-0.0148	0.0378
MAL08-1113364	0.1749	0.1726	0.1009	-0.0182	-0.0085	-0.0029
MAL08-1122713	0.1568	0.4	0.0095	0.0833	0.0687	0.2744
MAL08-1191793	0.0032	-0.0123	-0.0085	0.0152	-0.0049	-0.0043
MAL08-1238679	0.243	0.4211	0.2756	0.0399	-0.0057	0.0106
MAL08-1249200	0.09	0.1087	0.1257	NaN	-0.0094	-0.0054
MAL09-231063	0.0245	0.0502	0.1376	0.1732	0.0226	0.3345
MAL09-265315	0.4102	0.0782	0.465	0.1574	-0.0063	0.2354
MAL09-478750	0.1673	0.4243	0.0023	0.11	0.1034	0.3891
MAL09-597888	-0.0169	0.0101	0.0237	0.0077	0.0251	NaN
MAL09-634010	0.0292	-0.009	0.0583	0.0648	-0.013	0.083
MAL09-917254	0.0948	0.0193	0.0476	0.0114	-0.0131	0.0034
MAL09-1142293	0.0594	0.1582	0.1659	0.3588	0.0063	0.5197
MAL09-1204316	0.0635	0.2138	0.1336	0.0427	0.0128	-0.0043
MAL09-1206830	-0.0055	0.0349	0.0576	0.0081	0.0253	NaN
MAL10-190158	0.1218	0.4352	0.322	0.1466	0.0553	0.0122
MAL10-303698	0.2357	-0.0037	0.3843	0.2839	0.0653	0.4086
MAL10-996032	-0.0018	0.1098	0.0761	0.0384	0.0174	-0.0077
MAL10-1047321	0.5323	0.5879	0.6684	-0.0125	0.0156	-0.0028
MAL10-1228500	0.0037	0.0101	0.0239	NaN	NaN	NaN
MAL10-1281631	-0.0066	0.2758	-0.0031	0.2459	0.02	0.2946
MAL10-1322020	0.0412	0.0498	0.021	-0.0162	-0.0146	-0.0065
MAL10-1389364	0.0825	0.0852	0.1303	0.3244	-0.0076	0.3239
MAL10-1391783	0.0012	-0.0132	0.0258	0.0083	-0.0138	0.039
MAL10-1519672	0.0713	-0.0033	0.0526	0.1237	-0.0151	0.0835
MAL11-386092	-0.0173	0.197	0.0086	0.2226	0.0025	0.1025
MAL11-565294	-0.0156	0.4584	0.1424	0.4542	0.1488	0.1295
MAL11-593539	-0.0127	-0.0112	0.0812	-0.0034	0.0476	0.0933
MAL11-637435	0.0252	0.2184	0.259	0.3776	0.12	0.665
MAL11-683964	0.1964	0.0165	-0.0103	0.0727	0.2225	0.019
MAL11-753549	-0.0173	-0.0139	0.1361	-0.0185	0.1431	0.1411
MAL11-773903	0.0254	0.1614	-0.0102	0.0635	0.0207	0.1325
MAL11-792549	0.1177	0.0243	0.0496	0.263	-0.0028	0.143
MAL11-828595	0.1682	0.0985	0.1333	-0.0105	-0.0144	-6e-04
MAL11-874947	0.3658	-0.0134	0.3514	0.369	-0.0082	0.353
MAL11-920191	0.1871	0.0186	0.1411	0.0843	-0.0132	0.0849
MAL11-968080	-0.0128	0.0747	0.0413	0.0455	0.0644	0.1968
MAL11-987252	0.0687	0.0046	0.0569	0.0069	-0.014	0.0051
MAL11-1020133	-0.0137	0.0953	0.1213	0.1474	0.1884	-0.0114
MAL11-1038073	-0.002	0.2216	0.01	0.1516	-0.0144	0.1164
MAL11-1188633	-0.0173	0.0969	-0.0081	0.1045	-0.0122	0.1146
MAL11-1243997	-0.008	0.152	0.0039	0.246	-0.0144	0.2029
MAL11-1271589	0.3159	0.5562	0.2082	0.1076	-0.0133	0.1461
MAL11-1275603	0.1808	0.3011	0.1841	0.0099	-0.0135	0.0066
MAL11-1295603	0.0018	-0.0109	0.0239	0.0176	0.1011	0.0102
MAL11-1321195	-0.0151	0.0015	0.0804	-0.012	0.0633	0.0225
MAL11-1509521	0.0317	0.084	-0.0035	0.0081	0.0077	0.044
MAL11-1748611	0.232	0.0276	0.2791	0.0872	-0.0118	0.1312
MAL11-1752891	0.6453	0.2334	0.6522	0.2049	-0.0104	0.275
MAL11-1791173	0.3325	0.0189	-0.0075	0.2011	0.361	0.0079
MAL12-175811	0.1541	0.0021	0.3288	0.2508	0.0353	0.4246
MAL12-381783	0.0018	-0.0137	0.0371	-0.0045	-0.0032	0.0294
MAL12-399322	0.1358	0.034	0.0034	0.0142	0.0656	-9e-04
MAL12-529412	0.3143	0.4671	0.2702	0.0215	-0.0111	0.0484
MAL12-646259	0.0435	0.053	0.0424	-0.0176	-0.0143	-0.0114
MAL12-698129	0.3015	0.5054	0.0787	0.0947	0.0693	0.3255
MAL12-702015	0.024	-0.0101	0.0011	0.0497	-0.0065	0.0144
MAL12-726595	-0.006	-0.0114	0.1636	-0.0157	0.1354	0.1422
MAL12-802737	0.07	0.5342	0.0618	0.3236	-0.0145	0.2953
MAL12-839896	0.1625	0.2894	0.387	0.0125	0.0564	-0.0057
MAL12-857238	0.0029	-0.0059	0.035	0.0353	-0.0085	0.0732
MAL12-858494	-0.0173	-0.0134	0.0067	-0.0177	0.0024	2e-04
MAL12-907255	0.0411	0.0094	-0.0102	0.1289	0.0406	0.014
MAL12-943330	0.1109	-0.002	0.0807	0.0458	-0.0145	0.0373
MAL12-1078311	0.3157	0.4227	0.3614	0.0337	-0.0113	0.0365
MAL12-1156125	-0.0079	0.1578	0.0524	0.103	0.0101	0.025
MAL12-1212106	0.1853	0.3951	0.3476	0.0562	0.0257	-0.0055
MAL12-1214787	0.0265	0.3559	0.0786	0.1896	-0.0031	0.1202
MAL12-1400880	0.1854	-0.004	0.2405	0.2334	0.0107	0.2669
MAL12-1598773	0.0517	0.2527	0.126	0.0697	9e-04	0.0188
MAL12-1761552	0.3114	0.586	0.3883	0.1376	-0.0092	0.0747
MAL12-2046726	0.0346	0.3753	0.0162	0.1948	0.1484	0.5298
MAL12-2050164	0.1061	0.0764	0.0873	-0.0164	-0.0146	-0.0106
MAL12-2119221	0.0368	0.0337	0.1872	0.1719	0.0499	0.3169
MAL13-150118	0.0213	0.0297	-0.0061	0.1408	0.0572	0.0094
MAL13-159660	0.0982	0.2321	0.2813	0.0618	0.0576	-0.0055
MAL13-353364	0.0778	0.0063	0.4044	0.0094	0.1745	0.2978
MAL13-639415	0.0106	0.0073	0.3357	-0.018	0.2132	0.2308
MAL13-714924	-0.0164	-0.0064	-0.01	-0.0044	-0.0122	-0.0068
MAL13-853413	-0.0135	0.0914	0.0094	0.0531	0.0275	0.1929
MAL13-942637	0.0023	-0.014	0.0491	0.0074	0.0748	0.0369
MAL13-1013875	-6e-04	0.162	0.1002	0.0894	0.03	0.0039
MAL13-1399233	0.0055	0.0344	0.1421	0.1101	0.0645	0.2163
MAL13-1596183	-0.0089	0.1218	0.0151	0.18	-0.0101	0.2428
MAL13-1661997	0.0191	0.1819	0.1281	0.3278	0.0196	0.4992
MAL13-1709066	0.3024	0.4888	0.4671	0.0427	0.0439	-0.0113
MAL13-1716352	0.1983	-0.0012	0.049	0.276	0.0368	0.0945
MAL13-1777097	0.0549	0.1151	0.2538	0.3199	0.0654	0.5508
MAL13-2383027	-0.0123	-0.0095	0.0246	-2e-04	-7e-04	0.0548
MAL13-2470584	0.0113	0.0723	0.1769	0	0.071	0.0087
MAL13-2477441	-0.0096	0.2588	0.0607	0.1876	0.118	0.4901
MAL13-2553416	0.1129	-0.0125	0.387	0.1332	0.1444	0.3995
MAL13-2672190	0.0135	0.0637	0.1243	-0.0061	0.0263	-0.0038
MAL13-2704604	0.0747	0.1085	0.2338	0.3485	0.0423	0.4646
MAL14-201791	0.5305	0.6533	0.6853	0.0177	0.0395	-0.0101
MAL14-221707	0.0545	0.6854	0.0501	0.507	-0.0147	0.4866
MAL14-312693	0.004	0.01	0.0232	NaN	NaN	NaN
MAL14-334976	0.0983	0.014	0.2525	0.2133	0.0233	0.3949
MAL14-442134	-0.0135	0.3904	0.0193	0.3384	-0.0025	0.2469
MAL14-564339	0.0375	0.023	0.0673	-0.017	-0.011	-0.0011
MAL14-722436	0.1109	0.1501	0.2066	-0.0118	0.0286	0.0066
MAL14-832589	0.1218	0.0973	0.126	-0.0183	-0.002	0.0034
MAL14-860816	0.0175	0.0748	0.2116	0.2059	0.0923	0.3789
MAL14-911764	-0.0147	0.1114	0.0639	0.1681	0.0346	0.2513
MAL14-1103685	0.0062	0.1635	-0.0096	0.064	0.0012	0.1488
MAL14-1106081	-0.0162	0.2425	-0.0093	0.2598	-0.0147	0.1912
MAL14-1161488	0.5704	0.5967	0.5662	-0.0118	-0.0019	-0.0107
MAL14-1199721	3e-04	0.0427	-0.0097	-0.0061	0.011	0.0562
MAL14-1392975	-0.0178	0.0947	0.0277	0.0893	0.0325	0.1938
MAL14-1405313	0.0564	0.0216	0.3733	-0.012	0.1745	0.2338
MAL14-1454903	0.0451	0.0097	0.0069	0.1371	-0.0017	0.0618
MAL14-1482198	0.0389	0	0.1927	-0.0038	0.0418	0.1115
MAL14-1818960	0.239	7e-04	0.3084	0.3315	-0.0145	0.4176
MAL14-1903017	0.0764	0.0389	0.1906	0.2365	0.0092	0.3745
MAL14-2181307	0.4277	0.3173	0.4042	-0.0031	-0.0195	-0.0032
MAL14-2275535	0.2194	-0.0138	0.4433	0.1937	0.1386	0.4235
MAL14-2373291	0.0888	0.2805	0.3431	0.0641	0.0974	-0.0105
MAL14-2536420	0.1513	-0.0046	0.388	0.2117	0.1158	0.4257
MAL14-2615028	0.1931	0.3429	0.3578	0.0284	0.0152	-0.0088
MAL14-2752309	-0.013	0.0105	-0.01	0.0337	-0.0125	0.0123
MAL14-2816701	0.0791	0.2063	0.1541	0.0286	-0.0078	0.0047
MAL14-3009282	-0.0165	0.0059	-0.0084	-0.0034	-0.0145	-0.002
MAL14-3017815	-0.0096	0.0969	0.0247	0.0479	-0.0045	0.0128
MAL14-3043465	-0.007	0.2652	-0.0092	0.2376	0.0033	0.254
MAL14-3124740	0.2134	0.172	0.1796	-0.0176	-0.0145	-0.0087
MAL14-3126540	0.2599	0.2773	0.466	-0.0182	0.0396	0.0347
