Locus Pairwise estimates

gst = Nei & Chesser, 1983
Gst = Hedrick, 2005
GGst = Meirmans & Hedrick, (2011)
D = Jost, 2008
Fst = Weir & Cockerham, 1984

gst

Loci	sid98,  vs  sid75,	sid98,  vs  sid50,	sid98,  vs  sid1,	sid75,  vs  sid50,	sid75,  vs  sid1,	sid50,  vs  sid1,
SNP.1	-2e-04	7e-04	5e-04	0.0121	-0.0035	0.0116
SNP.2	-2e-04	-0.0034	0.0013	9e-04	-0.0038	0.0024
SNP.3	0.0027	4e-04	0.0187	-0.0042	0	0.0042
SNP.4	-0.0035	0.0116	0.0015	0.0181	0.0047	7e-04
SNP.5	-0.0038	0.001	2e-04	0.0037	-0.0028	0.0116
SNP.6	-2e-04	0.0014	0.0024	0.0132	0.0144	-0.0028
SNP.7	-0.0013	-0.0025	0.0134	0.003	0.0015	0.0221
SNP.8	-6e-04	-0.0033	0.0026	-0.0022	-0.0035	7e-04
SNP.9	-0.004	-9e-04	-4e-04	-0.0034	4e-04	0.0066
SNP.10	0.0956	-0.0022	0.0014	0.0746	0.0617	-0.0022
SNP.11	0.003	-0.0028	0.0036	0.008	-0.0036	0.0082
SNP.12	6e-04	5e-04	0.0026	0.0132	0.0166	-0.0028
SNP.13	0.002	-0.0029	0.0073	0.0061	0.028	0.0029
SNP.14	0.0152	0.0033	-0.0023	-0.0012	0.0203	0.0067
SNP.15	-0.0041	0.0116	-0.0023	0.0071	-0.0026	0.0166
SNP.16	-0.0041	-0.0025	-0.0026	-0.0044	-0.0035	-0.0021
SNP.17	0.0497	-0.0019	0.0101	0.0327	0.0112	0.0024
SNP.18	-0.0045	0.0035	-0.0028	0.0044	-0.0037	0.0048
SNP.19	-0.0037	-0.0035	-8e-04	-0.0036	0.0011	-0.0016
SNP.20	0.002	0.0156	0.0052	-0.0011	-0.0036	-4e-04
SNP.21	0.0268	0.0019	-6e-04	0.0573	0.0137	0.0114
SNP.22	0.0018	0.0092	-0.001	-0.0035	0.0102	0.0202
SNP.23	0.0177	0.0108	0.0025	-0.0037	0.0023	-5e-04
SNP.24	-0.0015	0.0022	5e-04	0.0121	-0.0037	0.0144
SNP.25	-0.0021	0.0386	-0.0024	0.0203	4e-04	0.0461
SNP.26	-0.0031	-0.0025	-0.0012	-0.0045	-0.0036	-0.0028
SNP.27	0.0108	0.0011	-0.0026	0.0313	0.0105	0.0022
SNP.28	0.0256	-0.002	0.0062	0.0136	0.0026	2e-04
SNP.29	-0.0043	-0.0021	0.0039	-0.0032	0.0028	0.0112
SNP.30	0.02	0.0098	-0.0025	0.0676	0.0185	0.0121
SNP.31	0.012	0.0436	4e-04	0.0036	0.0018	0.0239
SNP.32	-0.0043	-0.0035	-0.0019	-0.0045	-0.0026	-0.0023
SNP.33	-0.0015	0.0241	0.0062	0.0439	-0.0023	0.0636
SNP.34	-0.0043	-0.0012	0.0022	-0.0028	0.002	0.0108
SNP.35	-0.0042	-0.0012	-0.0026	-7e-04	-0.0034	-0.001
SNP.36	0.013	-0.0026	-0.0022	0.0212	0.0088	-4e-04
SNP.37	0.0093	0.005	-1e-04	-0.0039	8e-04	-0.001
SNP.38	-0.0043	0.0024	0.0023	2e-04	3e-04	-0.0028
SNP.39	-0.0016	-0.0022	0.005	-0.0043	-0.0026	-1e-04
SNP.40	-0.0043	0.0085	-0.0027	0.0033	-0.0032	0.0111
SNP.41	-1e-04	0.004	-0.0018	-0.0041	-0.0023	4e-04
SNP.42	0.0054	0.0144	0.0087	-0.0033	-0.0036	-0.002
SNP.43	-0.0039	0.0192	-0.0024	0.0248	-0.0025	0.0161
SNP.44	0.0182	4e-04	-0.0026	0.0033	0.0184	8e-04
SNP.45	0.002	0.0123	0.0046	-0.0023	-0.0036	-0.0011
SNP.46	-9e-04	-0.0026	0.0108	-0.0037	0.0262	0.0179
SNP.47	0.0089	0.0016	-7e-04	0.0316	0.001	0.0116
SNP.48	0.0052	0.0382	0.0015	0.007	-0.0025	0.0172
SNP.49	0.0031	-0.003	0.0122	-2e-04	-0.0026	0.0075
SNP.50	0.0019	0.0026	-0.0018	0.0199	0.0077	-2e-04
SNP.51	0.0162	0.0052	0.0068	0.0506	0.0531	-0.0028
SNP.52	0.0069	0.0323	0.0036	0.0026	-0.0029	0.0096
SNP.53	0.0351	0.0181	0.0173	-0.0018	-2e-04	-0.0028
SNP.54	0.0244	-0.0036	-0.0024	0.023	0.0203	-0.0028
SNP.55	0.0176	0.0069	0.0077	-0.0023	-0.0014	-0.0028
SNP.56	-0.0038	-0.0034	0.0095	-0.0044	0.0139	0.0114
SNP.57	0.0076	-0.0034	0.007	0.0078	-0.0035	0.0071
SNP.58	-0.0036	-0.0025	-0.0024	-0.0011	-0.002	-0.0025
SNP.59	-0.0022	0.0077	0.0111	0.0185	0.0013	0.0462
SNP.60	-0.0011	-0.0028	-0.0024	-0.0038	-0.0017	-0.0027
SNP.61	-0.0043	4e-04	-9e-04	-0.0013	-0.0014	0.008
SNP.62	-0.0031	0.0021	0.0021	-0.0029	-0.0025	-0.0027
SNP.63	-0.0019	-6e-04	0.0039	-0.0045	-0.0026	-0.0021
SNP.64	-0.0039	0.0143	-0.0026	0.0195	-0.0032	0.015
SNP.65	-6e-04	0.0193	0	0.0037	-0.0035	0.0074
SNP.66	-0.0044	5e-04	-0.0011	-9e-04	-0.002	0.0076
SNP.67	-0.001	-3e-04	-0.0021	0.0085	-0.0023	0.0033
SNP.68	-6e-04	-0.0033	0.0026	-0.0022	-0.0035	7e-04
SNP.69	0.0098	-9e-04	-0.0022	1e-04	0.0062	-0.0018
SNP.70	2e-04	-0.0011	0.0079	0.009	-0.0026	0.02
SNP.71	0.003	0.0064	-0.001	0.0295	-0.0016	0.0167
SNP.72	-8e-04	-0.0035	-0.0022	-9e-04	0.0028	-0.0025
SNP.73	0.0054	-0.0021	2e-04	0.0138	-0.0015	0.0053
SNP.74	0.003	-0.0016	0.0014	0.0121	0.0185	-0.0025
SNP.75	-0.0041	-0.0034	-0.0023	-0.0042	-0.0026	-0.0026
SNP.76	-0.0041	5e-04	2e-04	-0.0022	-0.0022	-0.0027
SNP.77	-0.0027	6e-04	-5e-04	-0.0041	0.0038	0.0091
SNP.78	0.0036	0.0197	0.0316	-7e-04	0.0054	-0.0018
SNP.79	-0.0042	0.0052	-0.0024	0.0067	-0.0037	0.0085
SNP.80	-0.0043	-0.0027	-0.0021	-0.0039	-0.0033	-0.0028
SNP.81	0.0068	-0.0027	-0.0025	0.0131	0.0094	-0.0025
SNP.82	0.003	0.0078	-3e-04	-0.0041	0.0142	0.0208
SNP.83	0.0024	-0.0025	-4e-04	-0.002	-0.0024	-0.0026
SNP.84	0.0197	-0.0033	0.0072	0.024	0.0601	0.0044
SNP.85	-0.0024	0.002	-0.0022	0.0091	-0.0031	0.0058
SNP.86	-0.0021	-0.0034	-0.0023	-0.003	6e-04	-0.0021
SNP.87	0.0075	0.011	0.0148	-0.0044	-0.0031	-0.0028
SNP.88	0.003	0.0016	-7e-04	0.0199	-0.002	0.0105
SNP.89	0.0076	0.0037	0.0053	-0.0039	-0.0033	-0.0028
SNP.90	0.003	-0.0022	-0.0016	-0.0022	0.0102	0.0019
SNP.91	9e-04	0.0349	0.0098	0.0108	-0.0022	0.0045
SNP.92	-0.002	-0.0012	-0.0026	0.0049	-0.0017	0
SNP.93	0.0015	0.0302	0.0046	0.0069	-0.0037	0.0071
SNP.94	0.0062	-7e-04	0.0084	0.0194	0.039	0
SNP.95	0.0052	-0.0024	-0.0026	-3e-04	0.0063	-0.0016
SNP.96	-0.0021	-0.0018	-0.0024	-0.0045	-0.0026	-0.0021
SNP.97	-0.004	0.0097	-0.0026	0.0047	-0.0033	0.0099
SNP.98	-0.0033	0.005	-4e-04	-9e-04	-0.0034	-8e-04
SNP.99	-0.0012	0.0132	0.0027	0.0296	-0.0035	0.0375
SNP.100	0.0033	-0.0013	-0.0023	0.0134	0.0011	0.0014
SNP.101	-0.0038	-0.0028	0.0012	-0.002	-0.0022	0.0051
SNP.102	0.004	-0.0034	0.0021	0.0059	-0.0031	0.0035
SNP.103	0.0184	4e-04	0.0074	0.0033	-0.0011	-0.0014
SNP.104	0.0118	9e-04	0.0136	0.0324	0.06	0.001
SNP.105	0.0098	-0.003	-0.0011	0.0155	0.0028	0.001
SNP.106	-0.0034	-0.001	0.0091	-0.0044	0.002	5e-04
SNP.107	-0.0043	-0.0035	-0.0015	-0.0045	-0.0028	-0.0014
SNP.108	-0.0026	-0.0019	0.0267	-0.0046	0.013	0.0141
SNP.109	-0.0045	-6e-04	-8e-04	-9e-04	-0.0013	-0.0028
SNP.110	0.0152	-0.0038	9e-04	0.0197	0.0372	-0.0011
SNP.111	-0.0032	-0.0034	0.0125	-0.0039	0.0208	0.0148
SNP.112	0.0019	-0.0011	0.0038	0.0115	-0.0036	0.0134
SNP.113	0.0019	0.0017	0.0022	0.0183	-0.0036	0.0171
SNP.114	0.0039	0.0027	0.0131	0.024	0.0424	-7e-04
SNP.115	0.0013	-0.0036	-0.0026	0.001	0.0025	-0.0028
SNP.116	-0.0034	3e-04	0.0019	-0.0037	0.0058	0.0134
SNP.117	-0.0032	7e-04	0.0011	0.0052	-0.0029	0.0129
SNP.118	-4e-04	0.0069	-0.0026	-0.0031	-2e-04	0.0067
SNP.119	-0.002	-0.0035	0.0029	-0.0022	-0.003	0.0027
SNP.120	0.0019	-0.0033	-0.0015	1e-04	-0.0015	-0.0023
SNP.121	-3e-04	0.0041	0.0419	-0.0039	0.0185	0.0129
SNP.122	-0.0035	0.0034	-0.0023	-0.0015	-0.0018	0.0066
SNP.123	0.0288	0.0097	0.041	1e-04	-0.0029	0.0062
SNP.124	0.0093	-0.0014	0.0057	0.0216	0.039	-7e-04
SNP.125	-0.0025	-0.001	-6e-04	-0.0045	-0.0037	-0.0028
SNP.126	-0.0017	-0.0026	-0.001	-0.0041	-0.0036	-0.0027
SNP.127	-0.0026	-0.0017	5e-04	0.0023	-0.0034	0.0067
SNP.128	0.0095	0.0353	-0.0022	0.002	0.015	0.0438
SNP.129	-0.0042	-0.0022	0.0095	-0.0039	0.0061	0.0028
SNP.130	0.0019	0.0026	-0.0022	0.0199	1e-04	0.0064
SNP.131	0.0034	-0.0013	0.0078	0.0133	0.0318	3e-04
SNP.132	-0.0035	0.0276	-0.0011	0.0174	-0.0035	0.0164
SNP.133	-0.0044	-0.0035	0.0049	-0.0046	0.0039	0.0055
SNP.134	0.0286	-0.001	0.0044	0.013	0.0061	-0.0017
SNP.135	0.0132	-0.0032	0.0014	0.0087	0.0011	-8e-04
SNP.136	0.0096	0.0044	3e-04	-0.0037	0.0257	0.0174
SNP.137	-0.0036	-0.0034	0.0032	-0.0031	0.0069	0.0013
SNP.138	0.0159	0.0049	0.0502	-0.002	0.0043	0.0166
SNP.139	0.0237	-0.0032	0.0111	0.0183	-0.0011	0.0073
SNP.140	0.0566	0.004	-0.0017	0.0216	0.0439	4e-04
SNP.141	0.0169	-0.0034	-8e-04	0.0214	0.007	5e-04
SNP.142	-3e-04	0.0247	-0.0014	0.0481	0.0058	0.015
SNP.143	-0.0043	0.0017	0.0181	0.0011	0.018	0.0025
SNP.144	-0.0041	0.006	0.0033	0.008	0.0047	-0.0024
SNP.145	-0.0023	-8e-04	-0.0012	0.0047	0.003	-0.0026
SNP.146	-0.0039	0.0121	0.0061	0.0066	0.0018	-0.0018
SNP.147	-0.0014	-0.0026	-0.0011	0.0023	0.0047	-0.0027
SNP.148	-0.0028	-0.0021	-6e-04	0.0013	-0.0036	0.0039
SNP.149	-0.0043	-0.0031	-0.0024	-0.0045	-0.0034	-0.002
SNP.150	-0.0017	-0.0014	0.0044	0.0047	0.0143	-0.0014
SNP.151	0.0085	-0.003	0.0012	0.0133	-9e-04	0.0039
SNP.152	-0.0026	-0.0021	0.0041	-0.0045	-0.0019	-8e-04
SNP.153	0.0048	-0.0018	-0.001	-0.0015	-5e-04	-0.0028
SNP.154	-9e-04	-0.002	-4e-04	0.0047	0.0071	-0.0027
SNP.155	-0.0027	-0.0035	-0.0024	-0.0027	-0.003	-0.0025
SNP.156	4e-04	0.0026	-0.0024	-0.0045	0.0029	0.0053
SNP.157	-0.0027	-0.0034	-7e-04	-0.0036	0.0034	0
SNP.158	-0.0037	-0.0014	-0.0021	-0.0041	-0.0014	0.0017
SNP.159	0.0127	-0.0034	0.0164	0.0115	-0.0036	0.0152
SNP.160	-0.0023	-0.0021	0.0019	0.0021	0.0088	-0.0019
SNP.161	-0.0043	0.0118	6e-04	0.0121	3e-04	0.0016
SNP.162	-0.0035	-4e-04	0	0.0023	-0.0031	0.0083
SNP.163	-0.0023	0.0031	0.0069	0.0112	0.0166	-0.0025
SNP.164	0.0146	-0.0013	4e-04	0.0292	0.033	-0.0028
SNP.165	-0.0036	0.0139	-4e-04	0.0066	-0.0032	0.0044
SNP.166	-0.0037	-0.0028	6e-04	-0.0019	-0.0027	0.0041
SNP.167	0.0066	-0.0016	-0.0024	-9e-04	0.0048	-0.0019
SNP.168	0.0154	0.0344	0.0069	-0.0015	-0.0018	0.0068
SNP.169	0.0082	-0.0016	-0.0024	1e-04	0.0062	-0.0018
SNP.170	0.068	-0.0031	0.0026	0.0774	0.0359	0.0053
SNP.171	0.0387	-0.0028	0.0127	0.0502	0.0036	0.0198
SNP.172	-0.0039	0.004	0.0149	-3e-04	0.0088	-7e-04
SNP.173	-0.0043	0.0106	0.01	0.0076	0.0072	-0.0028
SNP.174	0.0072	-5e-04	0.0055	0.0216	0.0349	-0.0016
SNP.175	-0.0021	-7e-04	-0.0021	-0.0045	0.0011	0.0027
SNP.176	-0.004	0.003	9e-04	0.0049	0.002	-0.0023
SNP.177	0.007	-0.0019	0.0114	0.0167	-0.0035	0.022
SNP.178	0.0093	0.0131	-0.0011	-0.0044	0.0025	0.0053
SNP.179	0.0016	-0.0034	0.0164	9e-04	0	0.0152
SNP.180	-0.0028	-0.0033	-0.002	-0.0039	3e-04	-0.0014
SNP.181	0.016	0.0052	-0.0025	0.0502	0.0136	0.0081
SNP.182	-0.0043	-0.0032	9e-04	-0.0041	-8e-04	0.0026
SNP.183	0.0184	-0.0024	0.005	0.0094	5e-04	1e-04
SNP.184	-0.0041	0.0141	0.0194	0.0171	0.0229	-0.0025
SNP.185	0.0082	-0.0016	-0.001	1e-04	0.0016	-0.0028
SNP.186	-0.0019	-0.0022	-0.0016	0.0026	-0.0033	0.0016
SNP.187	0.005	-0.0015	0.0124	0.0151	-0.0029	0.0247
SNP.188	0.0072	-2e-04	-0.0014	-0.0021	0.0015	-0.0024
SNP.189	-0.003	-7e-04	-0.0023	0.0036	-6e-04	-0.0018
SNP.190	-0.0041	-0.0027	-0.0017	-0.0027	-0.0016	-0.0029
SNP.191	0.0046	0.0155	0.0174	-0.0027	-0.0015	-0.0028
SNP.192	0.0085	-0.0025	0.009	0.0022	0.0443	0.0162
SNP.193	0.0013	0.0225	0.0026	0.003	-0.0036	0.0053
SNP.194	-0.0042	0.0077	0.0192	0.0094	0.0218	-0.001
SNP.195	-2e-04	0.0245	0.0026	0.0061	-0.0036	0.0064
SNP.196	0.0024	-0.002	-0.0025	-0.0027	0.0043	-7e-04
SNP.197	1e-04	-0.0032	-0.002	0.0023	-0.0019	-0.0011
SNP.198	-0.0041	-9e-04	-4e-04	-0.0033	1e-04	0.0064
SNP.199	0.0066	-0.0021	-0.0021	1e-04	0.0034	-0.0025
SNP.200	-0.0032	-0.0022	0.0026	-0.0045	-0.0021	-0.0014
SNP.201	7e-04	-0.0034	-0.0026	0.0013	0.0013	-0.0028
SNP.202	-0.0026	-0.003	0.0035	-0.0042	-0.0022	4e-04
SNP.203	4e-04	-0.0034	-0.0025	7e-04	7e-04	-0.0027
SNP.204	0.0016	-0.0031	-0.0025	0.0047	0.0012	-0.0021
SNP.205	7e-04	-0.0029	-0.0023	-0.0023	-6e-04	-0.0027
SNP.206	0.005	-0.003	-0.0026	9e-04	0.0056	-0.0023
SNP.207	-0.0043	0.0028	0.0046	0.003	0.0024	0.024
SNP.208	-0.0024	0.0024	-0.001	-0.0034	-0.0036	-0.0015
SNP.209	0.0027	-0.0025	0.0083	-0.0018	0.0312	0.0155
SNP.210	0.0229	-0.0023	2e-04	0.0346	0.0092	0.0045
SNP.211	-0.0043	-0.0026	0.0166	-0.0039	0.0142	0.0092
SNP.212	-0.0014	0.0117	-0.0025	3e-04	-3e-04	0.0133
SNP.213	-0.003	-0.0018	-0.0025	-0.0045	-0.0019	-8e-04
SNP.214	8e-04	0.012	0.019	-0.0017	0.0021	-0.0023
SNP.215	0.005	0.0013	-0.0016	-0.0039	7e-04	-0.0014
SNP.216	-0.0033	0.0106	-0.0024	0.018	-0.0017	0.0087
SNP.217	-0.0041	-0.0028	-7e-04	-0.0044	-3e-04	0.0019
SNP.218	-4e-04	0.0056	0.0041	-0.0034	-0.0032	-0.0026
SNP.219	-0.0042	-0.0032	-1e-04	-0.0045	-0.0021	-0.0016
SNP.220	-0.0037	-0.0034	-7e-04	-0.0039	-0.0032	-8e-04
SNP.221	-0.0027	0.0053	0.0015	-0.0016	-0.003	-0.0019
SNP.222	-0.0032	-0.0029	-0.0024	-0.0044	-0.0015	-0.0015
SNP.223	0.001	0.0139	-0.0024	-0.001	0.004	0.0187
SNP.224	-0.0041	0.0098	0.0103	0.0038	0.0043	-0.0029
SNP.225	0.0016	0.0053	-0.0017	-0.0045	0.0081	0.0127
SNP.226	-0.0038	-0.0034	-0.0014	-0.0044	-2e-04	-8e-04
SNP.227	-0.0026	-8e-04	-0.0026	-0.0044	-0.0018	1e-04
SNP.228	-0.0031	-0.0021	0.0044	-0.0045	-0.0013	-8e-04
SNP.229	0.0122	0.0096	-0.0026	0.0536	0.0138	0.0094
SNP.230	-0.0041	-0.0032	-0.0012	-0.0034	-0.0031	4e-04
SNP.231	0.026	0.0168	0.0199	-0.0035	-0.003	-0.0027
SNP.232	7e-04	0.0047	-0.0023	-0.0041	0.0036	0.0083
SNP.233	0.0015	-0.0035	-3e-04	0.0019	-0.0029	-1e-04
SNP.234	-0.0011	8e-04	-0.0025	0.0106	-0.0016	0.0031
SNP.235	-7e-04	-0.0027	-0.0025	0.0035	0.0014	-0.0025
SNP.236	-0.0037	-0.001	-0.0021	-0.0038	-0.0015	0.0026
SNP.237	0.0162	0.0229	0.0227	-0.0042	-0.0034	-0.0028
SNP.238	0.0051	-0.0034	-0.0021	0.0068	0.002	-0.0018
SNP.239	7e-04	0.0211	-0.0016	0.003	-0.0021	0.0131
SNP.240	-0.0039	0.004	-0.0015	0.0066	-0.001	2e-04
SNP.241	-0.0013	0.0272	-0.0021	0.0479	0.0021	0.0211
SNP.242	0.0098	0.012	-0.0025	-0.0045	0.0086	0.0107
SNP.243	0.0033	0.0088	4e-04	-0.0041	-0.0026	4e-04
SNP.244	-0.0029	-8e-04	0	0.0039	0.0046	-0.0028
SNP.245	-0.0021	-3e-04	-0.0022	-0.0047	0.0013	0.0035
SNP.246	-0.0045	-0.0031	-0.0026	-0.0046	-0.0039	-0.0026
SNP.247	-0.0029	0.0202	0.0017	0.0089	0.0073	0.0452
SNP.248	0.0216	0.008	-4e-04	-0.0016	0.0097	9e-04
SNP.249	-0.0031	0.0132	0.0027	0.0223	-0.0022	0.0375
SNP.250	-5e-04	0.0073	-7e-04	0.0228	0.0075	8e-04

Gst

Loci	sid98,  vs  sid75,	sid98,  vs  sid50,	sid98,  vs  sid1,	sid75,  vs  sid50,	sid75,  vs  sid1,	sid50,  vs  sid1,
SNP.1	-5e-04	0.0022	0.0014	0.0359	-0.0107	0.0341
SNP.2	-7e-04	-0.0103	0.0039	0.0027	-0.0114	0.0071
SNP.3	0.008	0.0012	0.0549	-0.0128	0	0.0126
SNP.4	-0.0106	0.0343	0.0044	0.0531	0.014	0.0022
SNP.5	-0.0114	0.003	7e-04	0.0108	-0.0085	0.034
SNP.6	-7e-04	0.0041	0.0073	0.039	0.0425	-0.0085
SNP.7	-0.0038	-0.0074	0.0396	0.0089	0.0044	0.0644
SNP.8	-0.0017	-0.0098	0.0076	-0.0066	-0.0106	0.002
SNP.9	-0.0122	-0.0027	-0.0012	-0.0102	0.0013	0.0198
SNP.10	0.2494	-0.0065	0.0041	0.1972	0.1636	-0.0065
SNP.11	0.0091	-0.0083	0.0108	0.024	-0.0107	0.0245
SNP.12	0.0017	0.0016	0.0079	0.039	0.0486	-0.0083
SNP.13	0.006	-0.0087	0.0216	0.0179	0.0811	0.0086
SNP.14	0.0439	0.0098	-0.007	-0.0035	0.0585	0.0199
SNP.15	-0.0123	0.0343	-0.0069	0.0211	-0.008	0.0486
SNP.16	-0.0123	-0.0076	-0.0077	-0.0133	-0.0106	-0.0063
SNP.17	0.1405	-0.0054	0.0293	0.0942	0.0326	0.007
SNP.18	-0.0136	0.0103	-0.0083	0.0131	-0.0111	0.0142
SNP.19	-0.0112	-0.0107	-0.0023	-0.011	0.0035	-0.0049
SNP.20	0.0061	0.0459	0.0155	-0.0034	-0.0108	-0.0012
SNP.21	0.075	0.0057	-0.0017	0.1583	0.038	0.0337
SNP.22	0.0054	0.0273	-0.003	-0.0105	0.0302	0.0592
SNP.23	0.0521	0.0322	0.0076	-0.0109	0.0069	-0.0015
SNP.24	-0.0045	0.0066	0.0014	0.0358	-0.0109	0.0424
SNP.25	-0.0063	0.1074	-0.0071	0.0568	0.0013	0.1277
SNP.26	-0.0093	-0.0076	-0.0035	-0.0137	-0.011	-0.0083
SNP.27	0.0314	0.0031	-0.0077	0.0903	0.0305	0.0066
SNP.28	0.0746	-0.0059	0.0182	0.0403	0.0077	7e-04
SNP.29	-0.0132	-0.0062	0.0116	-0.0096	0.0083	0.0332
SNP.30	0.0584	0.0277	-0.0076	0.1865	0.0539	0.0343
SNP.31	0.0356	0.1238	0.0012	0.0103	0.0053	0.0689
SNP.32	-0.013	-0.0106	-0.0057	-0.0135	-0.0079	-0.007
SNP.33	-0.0044	0.0686	0.018	0.1238	-0.0067	0.1758
SNP.34	-0.013	-0.0037	0.0066	-0.0083	0.006	0.0321
SNP.35	-0.0128	-0.0037	-0.0078	-0.0021	-0.0102	-0.0029
SNP.36	0.0376	-0.0078	-0.0067	0.0615	0.0256	-0.0013
SNP.37	0.0275	0.0148	-3e-04	-0.012	0.0025	-0.0032
SNP.38	-0.0129	0.0071	0.0068	7e-04	8e-04	-0.0083
SNP.39	-0.0047	-0.0067	0.0149	-0.013	-0.0078	-2e-04
SNP.40	-0.0131	0.0244	-0.008	0.0094	-0.0096	0.0318
SNP.41	-3e-04	0.012	-0.0053	-0.0124	-0.0071	0.0013
SNP.42	0.0163	0.0426	0.0258	-0.0096	-0.0106	-0.0059
SNP.43	-0.0116	0.0559	-0.0072	0.072	-0.0074	0.0468
SNP.44	0.0531	0.0011	-0.0078	0.0097	0.0535	0.0024
SNP.45	0.0058	0.0361	0.0133	-0.0071	-0.0109	-0.0033
SNP.46	-0.0028	-0.0079	0.0319	-0.0109	0.0762	0.0527
SNP.47	0.0265	0.0049	-0.002	0.0914	0.0029	0.0342
SNP.48	0.0152	0.1091	0.0042	0.021	-0.0074	0.0506
SNP.49	0.0093	-0.0091	0.036	-7e-04	-0.0078	0.0223
SNP.50	0.0058	0.0077	-0.0054	0.0584	0.0229	-7e-04
SNP.51	0.0474	0.0151	0.0197	0.1427	0.1493	-0.0078
SNP.52	0.0201	0.0931	0.0104	0.0078	-0.0087	0.0286
SNP.53	0.1009	0.0531	0.0505	-0.0053	-6e-04	-0.0082
SNP.54	0.07	-0.0108	-0.0072	0.0662	0.0582	-0.0083
SNP.55	0.0513	0.02	0.0223	-0.0071	-0.0042	-0.0084
SNP.56	-0.0112	-0.0099	0.0281	-0.0129	0.041	0.0337
SNP.57	0.0225	-0.0104	0.0207	0.023	-0.0102	0.0211
SNP.58	-0.0108	-0.0077	-0.0073	-0.0034	-0.0061	-0.0076
SNP.59	-0.0064	0.0208	0.0329	0.0508	0.0039	0.1265
SNP.60	-0.0032	-0.0085	-0.0073	-0.0116	-0.0051	-0.0081
SNP.61	-0.013	0.0012	-0.0026	-0.0039	-0.0042	0.0237
SNP.62	-0.0093	0.0064	0.0062	-0.0088	-0.0076	-0.0083
SNP.63	-0.0056	-0.0019	0.0117	-0.0137	-0.008	-0.0062
SNP.64	-0.0118	0.0414	-0.0078	0.0563	-0.0097	0.0434
SNP.65	-0.0019	0.0566	-1e-04	0.0112	-0.0106	0.022
SNP.66	-0.0132	0.0014	-0.0032	-0.0027	-0.006	0.0225
SNP.67	-0.0029	-8e-04	-0.0063	0.0252	-0.0071	0.0099
SNP.68	-0.0017	-0.0098	0.0076	-0.0066	-0.0106	0.002
SNP.69	0.0293	-0.0026	-0.0066	3e-04	0.0186	-0.0055
SNP.70	6e-04	-0.0032	0.0234	0.0262	-0.0078	0.0578
SNP.71	0.0088	0.0192	-0.0029	0.0852	-0.0045	0.0491
SNP.72	-0.0023	-0.0107	-0.0067	-0.0026	0.0083	-0.0074
SNP.73	0.0163	-0.0063	7e-04	0.0408	-0.0046	0.0156
SNP.74	0.0091	-0.0049	0.0042	0.0358	0.0543	-0.0071
SNP.75	-0.0123	-0.0104	-0.0069	-0.0126	-0.008	-0.0079
SNP.76	-0.0123	0.0015	5e-04	-0.0068	-0.0067	-0.0082
SNP.77	-0.0081	0.0017	-0.0015	-0.0123	0.0115	0.027
SNP.78	0.0103	0.0566	0.0899	-0.0021	0.0161	-0.0054
SNP.79	-0.0128	0.0153	-0.0074	0.0199	-0.0112	0.025
SNP.80	-0.013	-0.0082	-0.0065	-0.0118	-0.01	-0.0083
SNP.81	0.0198	-0.0082	-0.0075	0.0383	0.0274	-0.0075
SNP.82	0.0091	0.0232	-8e-04	-0.0122	0.0419	0.061
SNP.83	0.0071	-0.0076	-0.0013	-0.0061	-0.0072	-0.0078
SNP.84	0.0559	-0.0101	0.0214	0.0682	0.1665	0.0131
SNP.85	-0.0074	0.0059	-0.0066	0.0272	-0.0093	0.0173
SNP.86	-0.0064	-0.0103	-0.0068	-0.0091	0.0017	-0.0064
SNP.87	0.0221	0.0325	0.0436	-0.0135	-0.0092	-0.0083
SNP.88	0.0091	0.0047	-0.002	0.0584	-0.0059	0.0308
SNP.89	0.0226	0.011	0.0158	-0.012	-0.0098	-0.0086
SNP.90	0.0088	-0.0065	-0.0047	-0.0065	0.0299	0.0057
SNP.91	0.0026	0.0995	0.028	0.0322	-0.0065	0.0135
SNP.92	-0.0059	-0.0035	-0.0078	0.0145	-0.0051	0
SNP.93	0.0045	0.0873	0.0138	0.0202	-0.0111	0.0207
SNP.94	0.0185	-0.0022	0.0246	0.057	0.1116	-1e-04
SNP.95	0.0155	-0.0073	-0.0078	-9e-04	0.0189	-0.0048
SNP.96	-0.0063	-0.0055	-0.0072	-0.0137	-0.0078	-0.0064
SNP.97	-0.012	0.028	-0.0078	0.0136	-0.0101	0.0287
SNP.98	-0.0098	0.0148	-0.0011	-0.0026	-0.0101	-0.0023
SNP.99	-0.0037	0.0368	0.008	0.0832	-0.0106	0.1047
SNP.100	0.0099	-0.0038	-0.0069	0.0393	0.0033	0.004
SNP.101	-0.0116	-0.0084	0.0035	-0.0061	-0.0066	0.0151
SNP.102	0.012	-0.0102	0.0062	0.0177	-0.0094	0.0104
SNP.103	0.0537	0.0013	0.022	0.0097	-0.0031	-0.0042
SNP.104	0.0321	0.0026	0.0402	0.0895	0.1639	0.003
SNP.105	0.0293	-0.0087	-0.0032	0.0458	0.0083	0.0031
SNP.106	-0.0101	-0.0029	0.0272	-0.0132	0.006	0.0014
SNP.107	-0.013	-0.0106	-0.0046	-0.0135	-0.0086	-0.0041
SNP.108	-0.0074	-0.0055	0.0772	-0.0135	0.0386	0.0418
SNP.109	-0.0136	-0.0019	-0.0024	-0.0029	-0.004	-0.0084
SNP.110	0.0435	-0.0116	0.0028	0.0565	0.1058	-0.0034
SNP.111	-0.0095	-0.0102	0.0368	-0.0119	0.0609	0.0435
SNP.112	0.0058	-0.0034	0.0112	0.0343	-0.0108	0.0397
SNP.113	0.0058	0.0048	0.0066	0.0535	-0.0109	0.0497
SNP.114	0.0109	0.0082	0.0388	0.0682	0.1192	-0.002
SNP.115	0.0037	-0.0108	-0.0078	0.003	0.0076	-0.0086
SNP.116	-0.0102	8e-04	0.0056	-0.0109	0.0173	0.0397
SNP.117	-0.0095	0.0021	0.0034	0.0155	-0.0085	0.0382
SNP.118	-0.0012	0.0204	-0.0078	-0.0092	-7e-04	0.0199
SNP.119	-0.006	-0.0103	0.0086	-0.0066	-0.0089	0.0081
SNP.120	0.0058	-0.0101	-0.0044	3e-04	-0.0046	-0.0069
SNP.121	-9e-04	0.0119	0.1193	-0.0119	0.0543	0.0378
SNP.122	-0.0106	0.0101	-0.007	-0.0046	-0.0055	0.0198
SNP.123	0.0831	0.0281	0.1164	3e-04	-0.0085	0.0185
SNP.124	0.0262	-0.0042	0.017	0.0613	0.1098	-0.0022
SNP.125	-0.0076	-0.003	-0.0017	-0.0137	-0.0112	-0.0084
SNP.126	-0.0051	-0.0079	-0.0029	-0.0124	-0.0108	-0.0082
SNP.127	-0.008	-0.005	0.0016	0.0069	-0.0101	0.0201
SNP.128	0.0282	0.101	-0.0064	0.0057	0.0444	0.1242
SNP.129	-0.0124	-0.0067	0.0281	-0.0119	0.0183	0.0084
SNP.130	0.0058	0.0077	-0.0067	0.0584	2e-04	0.0188
SNP.131	0.0101	-0.004	0.0227	0.0393	0.0918	9e-04
SNP.132	-0.0101	0.08	-0.0032	0.0513	-0.0104	0.0482
SNP.133	-0.0133	-0.0105	0.0145	-0.014	0.0115	0.0164
SNP.134	0.0828	-0.003	0.013	0.0381	0.0179	-0.005
SNP.135	0.0389	-0.0097	0.0042	0.0256	0.0033	-0.0023
SNP.136	0.0281	0.013	0.001	-0.0105	0.0744	0.0511
SNP.137	-0.0108	-0.0104	0.0095	-0.0094	0.0207	0.004
SNP.138	0.0444	0.0136	0.1392	-0.0059	0.013	0.0489
SNP.139	0.0692	-0.0093	0.0326	0.0538	-0.0033	0.0216
SNP.140	0.1558	0.012	-0.0051	0.0602	0.1217	0.0013
SNP.141	0.0486	-0.0102	-0.0023	0.0615	0.0199	0.0014
SNP.142	-9e-04	0.0719	-0.0041	0.1358	0.0167	0.0442
SNP.143	-0.0127	0.0049	0.0533	0.0032	0.0529	0.0074
SNP.144	-0.0122	0.018	0.0098	0.024	0.014	-0.007
SNP.145	-0.0066	-0.0025	-0.0037	0.014	0.0087	-0.0077
SNP.146	-0.0117	0.036	0.0183	0.0198	0.0055	-0.0053
SNP.147	-0.0043	-0.0078	-0.0034	0.0069	0.014	-0.0082
SNP.148	-0.0085	-0.0062	-0.0018	0.0038	-0.0108	0.0118
SNP.149	-0.0131	-0.0093	-0.0074	-0.0136	-0.0103	-0.0059
SNP.150	-0.0051	-0.0042	0.0131	0.014	0.0421	-0.0041
SNP.151	0.0253	-0.0091	0.0036	0.0393	-0.0027	0.0116
SNP.152	-0.0079	-0.0063	0.0123	-0.0137	-0.0059	-0.0023
SNP.153	0.0142	-0.0054	-0.003	-0.0046	-0.0014	-0.0083
SNP.154	-0.0028	-0.0059	-0.0013	0.014	0.0211	-0.0083
SNP.155	-0.0081	-0.0106	-0.0071	-0.008	-0.0092	-0.0075
SNP.156	0.0013	0.0078	-0.0072	-0.0136	0.0088	0.0158
SNP.157	-0.0082	-0.0104	-0.0021	-0.0108	0.0101	-1e-04
SNP.158	-0.0111	-0.0042	-0.0064	-0.0124	-0.0042	0.0052
SNP.159	0.0375	-0.0101	0.0482	0.0343	-0.0106	0.0448
SNP.160	-0.0066	-0.0063	0.0056	0.0063	0.0259	-0.0057
SNP.161	-0.013	0.0347	0.0019	0.0359	9e-04	0.0048
SNP.162	-0.0106	-0.0013	-1e-04	0.0069	-0.0092	0.0246
SNP.163	-0.0066	0.0092	0.0206	0.0332	0.0486	-0.0076
SNP.164	0.0406	-0.004	0.0012	0.0819	0.0922	-0.0083
SNP.165	-0.0108	0.0412	-0.0011	0.0198	-0.0097	0.0133
SNP.166	-0.0112	-0.0083	0.0018	-0.0056	-0.0083	0.0121
SNP.167	0.0198	-0.0047	-0.0072	-0.0026	0.0143	-0.0056
SNP.168	0.0442	0.0976	0.0196	-0.0046	-0.0053	0.0203
SNP.169	0.0244	-0.0046	-0.0073	3e-04	0.0186	-0.0055
SNP.170	0.1834	-0.0093	0.0078	0.2076	0.0977	0.0156
SNP.171	0.1093	-0.0083	0.0374	0.1406	0.01	0.0582
SNP.172	-0.0117	0.012	0.0441	-8e-04	0.0262	-0.0021
SNP.173	-0.0128	0.0313	0.0296	0.0228	0.0214	-0.0082
SNP.174	0.0208	-0.0015	0.0163	0.0623	0.0995	-0.0048
SNP.175	-0.0064	-0.0022	-0.0064	-0.0134	0.0032	0.008
SNP.176	-0.012	0.0091	0.0025	0.0145	0.0058	-0.007
SNP.177	0.0209	-0.0057	0.0336	0.0492	-0.0102	0.0642
SNP.178	0.0275	0.0386	-0.0032	-0.0132	0.0074	0.016
SNP.179	0.0048	-0.0101	0.0482	0.0026	0	0.0448
SNP.180	-0.0085	-0.01	-0.0061	-0.012	8e-04	-0.0042
SNP.181	0.0453	0.0155	-0.0074	0.1406	0.0384	0.024
SNP.182	-0.0128	-0.0096	0.0025	-0.0122	-0.0024	0.0079
SNP.183	0.0537	-0.0073	0.0149	0.0274	0.0014	3e-04
SNP.184	-0.0116	0.0413	0.0567	0.0499	0.0666	-0.0076
SNP.185	0.0244	-0.0046	-0.0031	3e-04	0.0048	-0.0084
SNP.186	-0.0056	-0.0066	-0.0048	0.0078	-0.01	0.0047
SNP.187	0.0147	-0.0045	0.0359	0.0445	-0.0084	0.0714
SNP.188	0.0213	-7e-04	-0.0042	-0.0062	0.0044	-0.0071
SNP.189	-0.0092	-0.002	-0.0069	0.0109	-0.0019	-0.0053
SNP.190	-0.0125	-0.0081	-0.0051	-0.008	-0.005	-0.0086
SNP.191	0.0131	0.0446	0.0501	-0.0081	-0.0044	-0.0085
SNP.192	0.0253	-0.0076	0.0255	0.0066	0.1252	0.0465
SNP.193	0.004	0.0657	0.0078	0.0089	-0.0109	0.0155
SNP.194	-0.0119	0.0227	0.0559	0.0274	0.0634	-0.0031
SNP.195	-6e-04	0.0713	0.0078	0.0181	-0.011	0.0188
SNP.196	0.0071	-0.0059	-0.0075	-0.0081	0.013	-0.002
SNP.197	3e-04	-0.0096	-0.006	0.0069	-0.0056	-0.0034
SNP.198	-0.0122	-0.0028	-0.0013	-0.0096	2e-04	0.0191
SNP.199	0.0198	-0.0063	-0.0063	3e-04	0.0101	-0.0077
SNP.200	-0.0097	-0.0067	0.0078	-0.0136	-0.0062	-0.0043
SNP.201	0.002	-0.0103	-0.0077	0.0038	0.0038	-0.0082
SNP.202	-0.0079	-0.0089	0.0106	-0.0126	-0.0067	0.0011
SNP.203	0.0013	-0.0104	-0.0077	0.0022	0.0021	-0.0083
SNP.204	0.0047	-0.0094	-0.0076	0.014	0.0036	-0.0063
SNP.205	0.002	-0.0087	-0.0069	-0.0071	-0.0019	-0.0082
SNP.206	0.0147	-0.009	-0.0077	0.0027	0.0166	-0.007
SNP.207	-0.0129	0.0081	0.0138	0.0088	0.0071	0.0694
SNP.208	-0.0074	0.0072	-0.0029	-0.0102	-0.0109	-0.0044
SNP.209	0.0079	-0.0074	0.0244	-0.0053	0.0903	0.0455
SNP.210	0.066	-0.007	5e-04	0.0989	0.0264	0.0135
SNP.211	-0.0128	-0.0079	0.0489	-0.0119	0.0419	0.0274
SNP.212	-0.0042	0.0346	-0.0075	0.001	-9e-04	0.0395
SNP.213	-0.009	-0.0055	-0.0076	-0.0137	-0.0059	-0.0023
SNP.214	0.0023	0.0348	0.055	-0.0051	0.0065	-0.0069
SNP.215	0.0147	0.0038	-0.0049	-0.0114	0.0019	-0.0042
SNP.216	-0.0099	0.0309	-0.0073	0.0526	-0.0053	0.0252
SNP.217	-0.0123	-0.0084	-0.0022	-0.0134	-9e-04	0.0056
SNP.218	-0.0013	0.0169	0.0123	-0.0102	-0.0098	-0.0078
SNP.219	-0.0126	-0.0098	-3e-04	-0.0137	-0.0063	-0.0047
SNP.220	-0.0113	-0.0104	-0.0021	-0.0118	-0.0098	-0.0023
SNP.221	-0.0081	0.0159	0.0045	-0.0048	-0.0091	-0.0058
SNP.222	-0.0095	-0.0086	-0.0073	-0.0133	-0.0046	-0.0044
SNP.223	0.003	0.0407	-0.0071	-0.0029	0.0121	0.0545
SNP.224	-0.0125	0.0292	0.0304	0.0112	0.0128	-0.0086
SNP.225	0.0049	0.0156	-0.005	-0.0131	0.0242	0.0376
SNP.226	-0.0114	-0.0102	-0.0041	-0.0132	-7e-04	-0.0024
SNP.227	-0.0079	-0.0025	-0.0076	-0.0134	-0.0053	3e-04
SNP.228	-0.0093	-0.0062	0.0131	-0.0138	-0.0038	-0.0023
SNP.229	0.0358	0.0276	-0.0078	0.1505	0.0405	0.0272
SNP.230	-0.0123	-0.0096	-0.0036	-0.0101	-0.0095	0.0012
SNP.231	0.0746	0.0484	0.0571	-0.0106	-0.0091	-0.0083
SNP.232	0.002	0.0142	-0.007	-0.0124	0.0108	0.0246
SNP.233	0.0045	-0.0106	-8e-04	0.0058	-0.0087	-2e-04
SNP.234	-0.0034	0.0024	-0.0076	0.0312	-0.0049	0.0091
SNP.235	-0.002	-0.0081	-0.0076	0.0105	0.0041	-0.0076
SNP.236	-0.0113	-0.0029	-0.0062	-0.0116	-0.0044	0.0077
SNP.237	0.0469	0.0661	0.0655	-0.0127	-0.0102	-0.0086
SNP.238	0.0153	-0.0099	-0.0063	0.0203	0.006	-0.0055
SNP.239	0.002	0.0612	-0.0048	0.0088	-0.0062	0.0381
SNP.240	-0.0118	0.012	-0.0047	0.0198	-0.0031	6e-04
SNP.241	-0.004	0.078	-0.0064	0.1351	0.0061	0.0603
SNP.242	0.0293	0.0357	-0.0075	-0.0134	0.0255	0.0317
SNP.243	0.0099	0.0263	0.0011	-0.0123	-0.0078	0.0012
SNP.244	-0.0087	-0.0024	1e-04	0.0116	0.0138	-0.0084
SNP.245	-0.0062	-0.001	-0.0065	-0.0141	0.004	0.0104
SNP.246	-0.0136	-0.0094	-0.0079	-0.0141	-0.0118	-0.0078
SNP.247	-0.0087	0.0579	0.005	0.0254	0.0217	0.1274
SNP.248	0.0626	0.0231	-0.0013	-0.0048	0.0288	0.0028
SNP.249	-0.0093	0.0368	0.008	0.0625	-0.0067	0.1047
SNP.250	-0.0013	0.0217	-0.002	0.0667	0.0222	0.0024

GGst

Loci	sid98,  vs  sid75,	sid98,  vs  sid50,	sid98,  vs  sid1,	sid75,  vs  sid50,	sid75,  vs  sid1,	sid50,  vs  sid1,
SNP.1	-6e-04	0.0029	0.0019	0.0474	-0.0142	0.0452
SNP.2	-0.001	-0.0138	0.0051	0.0036	-0.0153	0.0095
SNP.3	0.0107	0.0015	0.0723	-0.0171	-1e-04	0.0168
SNP.4	-0.0141	0.0454	0.0059	0.0699	0.0186	0.0029
SNP.5	-0.0153	0.004	0.001	0.0144	-0.0114	0.0451
SNP.6	-9e-04	0.0055	0.0097	0.0516	0.0561	-0.0114
SNP.7	-0.0051	-0.0099	0.0522	0.0119	0.0059	0.0846
SNP.8	-0.0023	-0.0132	0.0101	-0.0088	-0.0142	0.0027
SNP.9	-0.0162	-0.0036	-0.0016	-0.0137	0.0018	0.0263
SNP.10	0.3149	-0.0088	0.0055	0.2529	0.2122	-0.0087
SNP.11	0.0121	-0.0111	0.0143	0.0317	-0.0143	0.0324
SNP.12	0.0023	0.0021	0.0105	0.0516	0.0641	-0.011
SNP.13	0.008	-0.0116	0.0287	0.0239	0.1061	0.0115
SNP.14	0.0582	0.0131	-0.0094	-0.0047	0.0773	0.0264
SNP.15	-0.0164	0.0454	-0.0092	0.028	-0.0106	0.0641
SNP.16	-0.0164	-0.0101	-0.0103	-0.0178	-0.0142	-0.0084
SNP.17	0.1812	-0.0073	0.039	0.1228	0.0433	0.0093
SNP.18	-0.0182	0.0138	-0.0111	0.0175	-0.0149	0.0189
SNP.19	-0.0149	-0.0143	-0.003	-0.0147	0.0046	-0.0065
SNP.20	0.0081	0.0606	0.0206	-0.0046	-0.0144	-0.0016
SNP.21	0.0991	0.0075	-0.0023	0.2039	0.051	0.0446
SNP.22	0.0072	0.0362	-0.0041	-0.0141	0.04	0.0779
SNP.23	0.0686	0.0425	0.0101	-0.0146	0.0092	-0.002
SNP.24	-0.006	0.0088	0.0018	0.0473	-0.0146	0.0559
SNP.25	-0.0084	0.1406	-0.0094	0.0756	0.0018	0.1661
SNP.26	-0.0124	-0.0101	-0.0047	-0.0182	-0.0147	-0.0111
SNP.27	0.0417	0.0042	-0.0103	0.1179	0.0405	0.0088
SNP.28	0.0977	-0.0079	0.0243	0.0532	0.0103	9e-04
SNP.29	-0.0176	-0.0083	0.0154	-0.0128	0.011	0.0439
SNP.30	0.0769	0.0371	-0.0102	0.238	0.0711	0.0458
SNP.31	0.0471	0.1604	0.0015	0.0138	0.0071	0.0907
SNP.32	-0.0173	-0.0141	-0.0077	-0.018	-0.0105	-0.0093
SNP.33	-0.0058	0.0905	0.0241	0.1606	-0.0091	0.2251
SNP.34	-0.0173	-0.005	0.0088	-0.0111	0.008	0.0425
SNP.35	-0.017	-0.005	-0.0104	-0.0028	-0.0136	-0.0038
SNP.36	0.0499	-0.0104	-0.0089	0.081	0.0341	-0.0017
SNP.37	0.0365	0.0197	-4e-04	-0.016	0.0033	-0.0042
SNP.38	-0.0172	0.0095	0.0091	0.001	0.001	-0.0111
SNP.39	-0.0063	-0.0089	0.0198	-0.0174	-0.0105	-3e-04
SNP.40	-0.0175	0.0326	-0.0107	0.0126	-0.0128	0.0424
SNP.41	-4e-04	0.0159	-0.0071	-0.0166	-0.0095	0.0018
SNP.42	0.0216	0.0562	0.0342	-0.0129	-0.0142	-0.0079
SNP.43	-0.0155	0.0738	-0.0097	0.0945	-0.0099	0.0619
SNP.44	0.0701	0.0014	-0.0104	0.013	0.0706	0.0033
SNP.45	0.0078	0.0478	0.0178	-0.0095	-0.0145	-0.0044
SNP.46	-0.0037	-0.0106	0.0422	-0.0146	0.0998	0.0694
SNP.47	0.0351	0.0065	-0.0027	0.1192	0.0038	0.0452
SNP.48	0.0203	0.1419	0.0056	0.0278	-0.0099	0.0667
SNP.49	0.0123	-0.0122	0.0476	-9e-04	-0.0105	0.0295
SNP.50	0.0078	0.0103	-0.0072	0.0767	0.0303	-9e-04
SNP.51	0.0627	0.0202	0.0263	0.184	0.1923	-0.0106
SNP.52	0.0268	0.1214	0.014	0.0103	-0.0116	0.0379
SNP.53	0.1314	0.07	0.0666	-0.0071	-8e-04	-0.011
SNP.54	0.0921	-0.0144	-0.0096	0.0872	0.077	-0.0111
SNP.55	0.0677	0.0267	0.0298	-0.0095	-0.0056	-0.0113
SNP.56	-0.0151	-0.0133	0.0372	-0.0173	0.0541	0.0446
SNP.57	0.0298	-0.0139	0.0274	0.0305	-0.0137	0.028
SNP.58	-0.0144	-0.0103	-0.0098	-0.0045	-0.0081	-0.0101
SNP.59	-0.0086	0.0283	0.0435	0.068	0.0052	0.1651
SNP.60	-0.0042	-0.0114	-0.0097	-0.0155	-0.0068	-0.0108
SNP.61	-0.0173	0.0015	-0.0035	-0.0052	-0.0056	0.0315
SNP.62	-0.0124	0.0085	0.0083	-0.0118	-0.0101	-0.0111
SNP.63	-0.0075	-0.0025	0.0156	-0.0182	-0.0106	-0.0082
SNP.64	-0.0158	0.055	-0.0105	0.0744	-0.0129	0.0576
SNP.65	-0.0025	0.0745	-2e-04	0.0148	-0.0142	0.0291
SNP.66	-0.0176	0.0018	-0.0043	-0.0037	-0.008	0.0299
SNP.67	-0.0039	-0.001	-0.0084	0.0334	-0.0095	0.0132
SNP.68	-0.0023	-0.0132	0.0101	-0.0088	-0.0142	0.0027
SNP.69	0.0387	-0.0035	-0.0088	4e-04	0.0247	-0.0073
SNP.70	8e-04	-0.0043	0.031	0.0348	-0.0104	0.0763
SNP.71	0.0118	0.0255	-0.0038	0.1114	-0.0061	0.0647
SNP.72	-0.003	-0.0143	-0.009	-0.0035	0.011	-0.0099
SNP.73	0.0216	-0.0085	0.001	0.0538	-0.0061	0.0208
SNP.74	0.0121	-0.0065	0.0057	0.0473	0.0715	-0.0096
SNP.75	-0.0164	-0.0139	-0.0092	-0.0168	-0.0106	-0.0106
SNP.76	-0.0164	0.0019	7e-04	-0.0091	-0.009	-0.0109
SNP.77	-0.0107	0.0023	-0.002	-0.0164	0.0152	0.0358
SNP.78	0.0138	0.0748	0.1177	-0.0027	0.0214	-0.0072
SNP.79	-0.017	0.0204	-0.0098	0.0264	-0.0149	0.0332
SNP.80	-0.0173	-0.0109	-0.0087	-0.0157	-0.0133	-0.0111
SNP.81	0.0264	-0.011	-0.01	0.0507	0.0364	-0.0101
SNP.82	0.0121	0.0307	-0.0011	-0.0163	0.0553	0.0801
SNP.83	0.0095	-0.0101	-0.0017	-0.0081	-0.0096	-0.0105
SNP.84	0.0741	-0.0135	0.0284	0.09	0.2137	0.0175
SNP.85	-0.0099	0.0079	-0.0089	0.036	-0.0124	0.0229
SNP.86	-0.0085	-0.0138	-0.0091	-0.0122	0.0022	-0.0085
SNP.87	0.0293	0.0431	0.0576	-0.018	-0.0123	-0.0111
SNP.88	0.0121	0.0062	-0.0026	0.0767	-0.0079	0.0408
SNP.89	0.03	0.0146	0.021	-0.016	-0.0131	-0.0115
SNP.90	0.0118	-0.0088	-0.0062	-0.0087	0.0397	0.0076
SNP.91	0.0035	0.1299	0.0374	0.0425	-0.0088	0.018
SNP.92	-0.0079	-0.0046	-0.0104	0.0193	-0.0068	0
SNP.93	0.0059	0.1141	0.0183	0.0269	-0.0149	0.0276
SNP.94	0.0245	-0.0029	0.0328	0.0749	0.145	-1e-04
SNP.95	0.0206	-0.0097	-0.0104	-0.0012	0.0251	-0.0064
SNP.96	-0.0084	-0.0073	-0.0096	-0.0183	-0.0104	-0.0085
SNP.97	-0.016	0.0373	-0.0105	0.0183	-0.0135	0.0382
SNP.98	-0.0131	0.0197	-0.0015	-0.0035	-0.0136	-0.0031
SNP.99	-0.0049	0.0494	0.0107	0.1096	-0.0141	0.1371
SNP.100	0.0131	-0.0052	-0.0092	0.0521	0.0044	0.0054
SNP.101	-0.0155	-0.0113	0.0046	-0.0081	-0.0089	0.0201
SNP.102	0.016	-0.0137	0.0082	0.0235	-0.0125	0.0138
SNP.103	0.0709	0.0017	0.0292	0.013	-0.0041	-0.0056
SNP.104	0.0434	0.0034	0.0531	0.118	0.2112	0.004
SNP.105	0.0387	-0.0117	-0.0042	0.0603	0.011	0.0041
SNP.106	-0.0135	-0.0039	0.036	-0.0176	0.008	0.0019
SNP.107	-0.0174	-0.0141	-0.0062	-0.0181	-0.0114	-0.0054
SNP.108	-0.01	-0.0074	0.1012	-0.0181	0.051	0.0551
SNP.109	-0.0182	-0.0025	-0.0032	-0.0038	-0.0053	-0.0112
SNP.110	0.0578	-0.0154	0.0037	0.0747	0.1379	-0.0046
SNP.111	-0.0127	-0.0136	0.0487	-0.0159	0.0801	0.0575
SNP.112	0.0078	-0.0045	0.0149	0.0453	-0.0145	0.0524
SNP.113	0.0078	0.0065	0.0088	0.0705	-0.0146	0.0657
SNP.114	0.0148	0.0109	0.0512	0.09	0.1551	-0.0027
SNP.115	0.005	-0.0144	-0.0104	0.004	0.0101	-0.0115
SNP.116	-0.0137	0.001	0.0075	-0.0146	0.0229	0.0524
SNP.117	-0.0127	0.0028	0.0045	0.0205	-0.0115	0.0505
SNP.118	-0.0016	0.027	-0.0104	-0.0123	-9e-04	0.0264
SNP.119	-0.008	-0.0138	0.0114	-0.0088	-0.0119	0.0108
SNP.120	0.0078	-0.0134	-0.0058	4e-04	-0.0061	-0.0093
SNP.121	-0.0012	0.016	0.1547	-0.0159	0.0715	0.05
SNP.122	-0.0141	0.0134	-0.0094	-0.0061	-0.0073	0.0263
SNP.123	0.1087	0.0374	0.1512	4e-04	-0.0115	0.0246
SNP.124	0.0352	-0.0056	0.0226	0.0812	0.1432	-0.0029
SNP.125	-0.0101	-0.004	-0.0022	-0.0183	-0.0149	-0.0113
SNP.126	-0.0068	-0.0106	-0.0039	-0.0166	-0.0144	-0.0109
SNP.127	-0.0106	-0.0067	0.0021	0.0092	-0.0135	0.0267
SNP.128	0.0374	0.1317	-0.0086	0.0076	0.0585	0.161
SNP.129	-0.0166	-0.0089	0.0372	-0.0159	0.0242	0.0112
SNP.130	0.0078	0.0103	-0.009	0.0767	3e-04	0.0251
SNP.131	0.0134	-0.0053	0.0302	0.0519	0.1198	0.0012
SNP.132	-0.0136	0.1047	-0.0043	0.0675	-0.014	0.0635
SNP.133	-0.0178	-0.014	0.0193	-0.0188	0.0153	0.0217
SNP.134	0.1083	-0.004	0.0173	0.0504	0.0239	-0.0067
SNP.135	0.0515	-0.013	0.0056	0.034	0.0044	-0.003
SNP.136	0.0373	0.0173	0.0013	-0.0142	0.0976	0.0674
SNP.137	-0.0145	-0.0138	0.0126	-0.0126	0.0275	0.0054
SNP.138	0.0594	0.0184	0.1804	-0.0079	0.0172	0.0644
SNP.139	0.0907	-0.0125	0.0432	0.0707	-0.0044	0.0287
SNP.140	0.201	0.016	-0.0068	0.0801	0.1586	0.0018
SNP.141	0.0644	-0.0136	-0.003	0.0811	0.0267	0.0018
SNP.142	-0.0013	0.0943	-0.0055	0.1755	0.0224	0.0583
SNP.143	-0.017	0.0066	0.0702	0.0042	0.0696	0.0099
SNP.144	-0.0163	0.0238	0.013	0.0317	0.0186	-0.0094
SNP.145	-0.0089	-0.0033	-0.005	0.0187	0.0117	-0.0103
SNP.146	-0.0157	0.0475	0.0243	0.0262	0.0073	-0.0071
SNP.147	-0.0058	-0.0104	-0.0045	0.0092	0.0186	-0.0109
SNP.148	-0.0114	-0.0083	-0.0024	0.0051	-0.0144	0.0156
SNP.149	-0.0175	-0.0125	-0.0098	-0.0182	-0.0137	-0.0078
SNP.150	-0.0068	-0.0056	0.0174	0.0187	0.0556	-0.0054
SNP.151	0.0335	-0.0121	0.0048	0.0519	-0.0037	0.0154
SNP.152	-0.0105	-0.0085	0.0163	-0.0182	-0.0078	-0.0031
SNP.153	0.0189	-0.0072	-0.0041	-0.0061	-0.0019	-0.0112
SNP.154	-0.0037	-0.0079	-0.0017	0.0187	0.028	-0.011
SNP.155	-0.0107	-0.0141	-0.0095	-0.0107	-0.0123	-0.0101
SNP.156	0.0018	0.0103	-0.0097	-0.0182	0.0117	0.021
SNP.157	-0.0109	-0.0139	-0.0028	-0.0145	0.0134	-2e-04
SNP.158	-0.0148	-0.0056	-0.0085	-0.0166	-0.0056	0.007
SNP.159	0.0496	-0.0136	0.0635	0.0453	-0.0142	0.0592
SNP.160	-0.0089	-0.0085	0.0074	0.0084	0.0343	-0.0077
SNP.161	-0.0173	0.0459	0.0026	0.0474	0.0012	0.0064
SNP.162	-0.0141	-0.0017	-1e-04	0.0092	-0.0123	0.0326
SNP.163	-0.0089	0.0122	0.0274	0.0439	0.0641	-0.0101
SNP.164	0.0544	-0.0053	0.0016	0.108	0.1212	-0.0111
SNP.165	-0.0144	0.0544	-0.0015	0.0262	-0.0129	0.0176
SNP.166	-0.0149	-0.0111	0.0024	-0.0075	-0.0111	0.0161
SNP.167	0.0263	-0.0062	-0.0096	-0.0035	0.019	-0.0075
SNP.168	0.0587	0.1276	0.0263	-0.0061	-0.0071	0.0269
SNP.169	0.0323	-0.0062	-0.0097	4e-04	0.0247	-0.0073
SNP.170	0.2353	-0.0125	0.0103	0.2645	0.129	0.0208
SNP.171	0.1425	-0.0111	0.0494	0.1817	0.0136	0.0765
SNP.172	-0.0156	0.016	0.0582	-0.0011	0.0347	-0.0028
SNP.173	-0.0172	0.0415	0.0392	0.0302	0.0283	-0.011
SNP.174	0.0278	-0.002	0.0217	0.0822	0.1299	-0.0064
SNP.175	-0.0085	-0.0029	-0.0085	-0.018	0.0042	0.0107
SNP.176	-0.0161	0.0121	0.0034	0.0193	0.0078	-0.0093
SNP.177	0.0277	-0.0077	0.0445	0.0648	-0.0138	0.0843
SNP.178	0.0365	0.051	-0.0044	-0.0176	0.0098	0.0212
SNP.179	0.0064	-0.0136	0.0635	0.0034	0	0.0592
SNP.180	-0.0114	-0.0134	-0.0081	-0.016	0.001	-0.0056
SNP.181	0.0603	0.0206	-0.0099	0.1817	0.0512	0.0319
SNP.182	-0.0171	-0.0129	0.0034	-0.0163	-0.0031	0.0105
SNP.183	0.0709	-0.0097	0.0197	0.0364	0.0019	4e-04
SNP.184	-0.0157	0.0546	0.0747	0.0659	0.0875	-0.0102
SNP.185	0.0323	-0.0062	-0.0041	4e-04	0.0064	-0.0112
SNP.186	-0.0075	-0.0088	-0.0064	0.0103	-0.0133	0.0063
SNP.187	0.0196	-0.006	0.0477	0.0587	-0.0113	0.0938
SNP.188	0.0282	-0.001	-0.0056	-0.0083	0.0059	-0.0095
SNP.189	-0.0123	-0.0027	-0.0093	0.0145	-0.0025	-0.0071
SNP.190	-0.0167	-0.0108	-0.0069	-0.0107	-0.0066	-0.0115
SNP.191	0.0176	0.0592	0.0664	-0.0108	-0.0058	-0.0113
SNP.192	0.0335	-0.0101	0.0341	0.0088	0.1624	0.0617
SNP.193	0.0053	0.0863	0.0103	0.0119	-0.0146	0.0207
SNP.194	-0.0161	0.0301	0.0737	0.0364	0.0834	-0.0042
SNP.195	-9e-04	0.0935	0.0103	0.0241	-0.0146	0.0251
SNP.196	0.0095	-0.0079	-0.01	-0.0108	0.0173	-0.0027
SNP.197	3e-04	-0.0128	-0.0079	0.0092	-0.0075	-0.0045
SNP.198	-0.0163	-0.0037	-0.0017	-0.0129	3e-04	0.0254
SNP.199	0.0263	-0.0085	-0.0085	4e-04	0.0134	-0.0103
SNP.200	-0.013	-0.0089	0.0103	-0.0182	-0.0083	-0.0057
SNP.201	0.0027	-0.0137	-0.0102	0.0051	0.005	-0.011
SNP.202	-0.0105	-0.0119	0.014	-0.0168	-0.009	0.0014
SNP.203	0.0018	-0.0139	-0.0102	0.003	0.0028	-0.0111
SNP.204	0.0063	-0.0125	-0.0102	0.0187	0.0048	-0.0084
SNP.205	0.0027	-0.0116	-0.0093	-0.0095	-0.0025	-0.011
SNP.206	0.0196	-0.012	-0.0103	0.0036	0.0222	-0.0093
SNP.207	-0.0172	0.0108	0.0183	0.0117	0.0095	0.0912
SNP.208	-0.0099	0.0096	-0.0039	-0.0137	-0.0146	-0.0058
SNP.209	0.0106	-0.0099	0.0324	-0.0071	0.1178	0.0601
SNP.210	0.087	-0.0094	7e-04	0.129	0.0352	0.018
SNP.211	-0.0171	-0.0105	0.0645	-0.0159	0.0553	0.0363
SNP.212	-0.0056	0.0457	-0.0101	0.0013	-0.0011	0.0521
SNP.213	-0.012	-0.0073	-0.0102	-0.0182	-0.0078	-0.0031
SNP.214	0.003	0.0463	0.0726	-0.0068	0.0086	-0.0092
SNP.215	0.0196	0.0051	-0.0065	-0.0153	0.0026	-0.0056
SNP.216	-0.0132	0.041	-0.0098	0.0693	-0.007	0.0336
SNP.217	-0.0164	-0.0113	-0.0029	-0.0179	-0.0011	0.0075
SNP.218	-0.0018	0.0224	0.0163	-0.0137	-0.013	-0.0104
SNP.219	-0.0169	-0.0131	-4e-04	-0.0182	-0.0084	-0.0063
SNP.220	-0.0151	-0.0139	-0.0028	-0.0157	-0.013	-0.0031
SNP.221	-0.0109	0.0211	0.0061	-0.0064	-0.0122	-0.0077
SNP.222	-0.0127	-0.0115	-0.0098	-0.0178	-0.0061	-0.0058
SNP.223	0.0039	0.0539	-0.0095	-0.0039	0.0161	0.0719
SNP.224	-0.0167	0.0387	0.0403	0.0149	0.017	-0.0115
SNP.225	0.0065	0.0207	-0.0066	-0.0177	0.0321	0.0497
SNP.226	-0.0152	-0.0136	-0.0055	-0.0177	-9e-04	-0.0032
SNP.227	-0.0105	-0.0033	-0.0102	-0.0179	-0.0071	4e-04
SNP.228	-0.0124	-0.0083	0.0174	-0.0184	-0.0051	-0.0031
SNP.229	0.0475	0.0368	-0.0104	0.1937	0.0535	0.0363
SNP.230	-0.0165	-0.0128	-0.0047	-0.0135	-0.0127	0.0015
SNP.231	0.098	0.0641	0.0755	-0.0141	-0.0122	-0.011
SNP.232	0.0027	0.0189	-0.0094	-0.0166	0.0143	0.0326
SNP.233	0.006	-0.0142	-0.001	0.0077	-0.0117	-2e-04
SNP.234	-0.0045	0.0032	-0.0101	0.0414	-0.0065	0.0122
SNP.235	-0.0026	-0.0108	-0.0101	0.0139	0.0055	-0.0101
SNP.236	-0.0151	-0.0039	-0.0083	-0.0155	-0.0059	0.0103
SNP.237	0.0621	0.0871	0.0862	-0.0169	-0.0136	-0.0114
SNP.238	0.0203	-0.0133	-0.0084	0.0269	0.008	-0.0073
SNP.239	0.0027	0.0806	-0.0064	0.0117	-0.0083	0.0505
SNP.240	-0.0158	0.016	-0.0062	0.0262	-0.0041	8e-04
SNP.241	-0.0054	0.1024	-0.0086	0.1747	0.0082	0.0797
SNP.242	0.0387	0.0472	-0.0101	-0.018	0.0338	0.0419
SNP.243	0.0131	0.0348	0.0015	-0.0164	-0.0104	0.0015
SNP.244	-0.0116	-0.0031	1e-04	0.0154	0.0183	-0.0112
SNP.245	-0.0083	-0.0013	-0.0087	-0.0189	0.0054	0.0139
SNP.246	-0.0182	-0.0125	-0.0105	-0.0188	-0.0158	-0.0104
SNP.247	-0.0117	0.0766	0.0066	0.034	0.0288	0.1651
SNP.248	0.0824	0.0308	-0.0017	-0.0064	0.0381	0.0037
SNP.249	-0.0124	0.0494	0.0107	0.0829	-0.0089	0.1371
SNP.250	-0.0018	0.0288	-0.0027	0.0875	0.0295	0.0032

D

Loci	sid98,  vs  sid75,	sid98,  vs  sid50,	sid98,  vs  sid1,	sid75,  vs  sid50,	sid75,  vs  sid1,	sid50,  vs  sid1,
SNP.1	-3e-04	0.0014	9e-04	0.024	-0.0071	0.0228
SNP.2	-5e-04	-0.0069	0.0026	0.0018	-0.0076	0.0048
SNP.3	0.0053	8e-04	0.0369	-0.0086	0	0.0084
SNP.4	-0.007	0.0229	0.003	0.0357	0.0094	0.0014
SNP.5	-0.0076	0.002	5e-04	0.0071	-0.0057	0.0226
SNP.6	-4e-04	0.0028	0.0049	0.0262	0.0285	-0.0057
SNP.7	-0.0025	-0.0048	0.0265	0.0059	0.0029	0.0433
SNP.8	-0.0012	-0.0065	0.0051	-0.0044	-0.0071	0.0014
SNP.9	-0.0081	-0.0018	-8e-04	-0.0068	9e-04	0.0133
SNP.10	0.1701	-0.0043	0.0027	0.1326	0.1087	-0.0043
SNP.11	0.0061	-0.0055	0.0072	0.0161	-0.0071	0.0164
SNP.12	0.0011	0.0011	0.0053	0.0262	0.0326	-0.0055
SNP.13	0.0039	-0.0058	0.0145	0.0119	0.0546	0.0058
SNP.14	0.0291	0.0065	-0.0047	-0.0022	0.039	0.0133
SNP.15	-0.0082	0.0229	-0.0046	0.0141	-0.0053	0.0325
SNP.16	-0.0082	-0.0051	-0.0051	-0.0089	-0.0071	-0.0042
SNP.17	0.0955	-0.0035	0.0195	0.0636	0.0217	0.0047
SNP.18	-0.0091	0.0068	-0.0056	0.0087	-0.0074	0.0094
SNP.19	-0.0075	-0.0072	-0.0015	-0.0074	0.0023	-0.0032
SNP.20	0.004	0.0309	0.0103	-0.0023	-0.0072	-8e-04
SNP.21	0.0496	0.0038	-0.0011	0.1072	0.0247	0.0226
SNP.22	0.0036	0.0183	-0.002	-0.007	0.0202	0.0398
SNP.23	0.035	0.0216	0.0051	-0.0071	0.0046	-0.001
SNP.24	-0.003	0.0044	9e-04	0.024	-0.0072	0.0284
SNP.25	-0.0042	0.0716	-0.0047	0.0372	9e-04	0.0856
SNP.26	-0.0062	-0.0051	-0.0023	-0.0091	-0.0073	-0.0056
SNP.27	0.0209	0.0021	-0.0052	0.0609	0.0202	0.0044
SNP.28	0.0503	-0.0039	0.0121	0.0271	0.0052	4e-04
SNP.29	-0.0088	-0.0041	0.0077	-0.0064	0.0055	0.0222
SNP.30	0.0392	0.0181	-0.0051	0.1274	0.0361	0.0225
SNP.31	0.0239	0.0838	8e-04	0.0068	0.0036	0.0461
SNP.32	-0.0086	-0.0071	-0.0038	-0.009	-0.0052	-0.0047
SNP.33	-0.0029	0.0456	0.012	0.0836	-0.0044	0.1198
SNP.34	-0.0086	-0.0025	0.0044	-0.0055	0.004	0.0215
SNP.35	-0.0085	-0.0025	-0.0052	-0.0014	-0.0068	-0.0019
SNP.36	0.025	-0.0052	-0.0044	0.0411	0.0169	-8e-04
SNP.37	0.0184	0.0099	-2e-04	-0.008	0.0017	-0.0021
SNP.38	-0.0086	0.0048	0.0046	5e-04	5e-04	-0.0055
SNP.39	-0.0031	-0.0044	0.01	-0.0087	-0.0052	-1e-04
SNP.40	-0.0087	0.016	-0.0053	0.0061	-0.0064	0.021
SNP.41	-2e-04	0.008	-0.0035	-0.0082	-0.0047	9e-04
SNP.42	0.0109	0.0285	0.0173	-0.0064	-0.007	-0.0039
SNP.43	-0.0077	0.0374	-0.0048	0.0484	-0.0049	0.0312
SNP.44	0.0356	7e-04	-0.0052	0.0064	0.0358	0.0016
SNP.45	0.0038	0.0241	0.0088	-0.0047	-0.0072	-0.0022
SNP.46	-0.0018	-0.0052	0.0213	-0.0071	0.0514	0.0354
SNP.47	0.0177	0.0032	-0.0014	0.0618	0.0019	0.0228
SNP.48	0.01	0.0737	0.0027	0.0141	-0.0049	0.034
SNP.49	0.0062	-0.006	0.0242	-5e-04	-0.0052	0.0149
SNP.50	0.0039	0.0051	-0.0036	0.0392	0.0153	-5e-04
SNP.51	0.0317	0.01	0.013	0.097	0.1016	-0.005
SNP.52	0.0133	0.0628	0.0069	0.0052	-0.0058	0.0191
SNP.53	0.0683	0.0356	0.0338	-0.0035	-4e-04	-0.0055
SNP.54	0.0467	-0.0072	-0.0048	0.0442	0.0387	-0.0055
SNP.55	0.0343	0.0133	0.0148	-0.0047	-0.0028	-0.0056
SNP.56	-0.0074	-0.0065	0.0188	-0.0085	0.0275	0.0226
SNP.57	0.015	-0.007	0.0138	0.0153	-0.0066	0.0141
SNP.58	-0.0072	-0.0051	-0.0049	-0.0023	-0.0041	-0.005
SNP.59	-0.0042	0.0132	0.022	0.0329	0.0026	0.0842
SNP.60	-0.0021	-0.0057	-0.0048	-0.0078	-0.0034	-0.0054
SNP.61	-0.0086	8e-04	-0.0017	-0.0026	-0.0028	0.0158
SNP.62	-0.0062	0.0043	0.0042	-0.0059	-0.0051	-0.0055
SNP.63	-0.0038	-0.0013	0.0078	-0.0091	-0.0053	-0.0041
SNP.64	-0.0079	0.0275	-0.0052	0.0376	-0.0065	0.0288
SNP.65	-0.0013	0.0381	-1e-04	0.0075	-0.007	0.0147
SNP.66	-0.0088	9e-04	-0.0022	-0.0018	-0.004	0.015
SNP.67	-0.002	-5e-04	-0.0042	0.0169	-0.0047	0.0066
SNP.68	-0.0012	-0.0065	0.0051	-0.0044	-0.0071	0.0014
SNP.69	0.0196	-0.0017	-0.0044	2e-04	0.0125	-0.0036
SNP.70	4e-04	-0.0021	0.0156	0.0173	-0.0052	0.0386
SNP.71	0.0058	0.0129	-0.0019	0.0575	-0.003	0.033
SNP.72	-0.0015	-0.0072	-0.0045	-0.0017	0.0055	-0.0049
SNP.73	0.0109	-0.0042	5e-04	0.0274	-0.0031	0.0104
SNP.74	0.0061	-0.0032	0.0028	0.024	0.0365	-0.0047
SNP.75	-0.0082	-0.0069	-0.0046	-0.0084	-0.0053	-0.0053
SNP.76	-0.0082	0.001	4e-04	-0.0045	-0.0045	-0.0054
SNP.77	-0.0054	0.0012	-0.001	-0.0082	0.0077	0.0181
SNP.78	0.0067	0.0376	0.0602	-0.0014	0.0108	-0.0036
SNP.79	-0.0085	0.0101	-0.0049	0.0132	-0.0075	0.0166
SNP.80	-0.0087	-0.0054	-0.0043	-0.0079	-0.0067	-0.0056
SNP.81	0.0131	-0.0055	-0.005	0.0255	0.0182	-0.005
SNP.82	0.0061	0.0155	-6e-04	-0.008	0.0281	0.041
SNP.83	0.0048	-0.0051	-9e-04	-0.004	-0.0048	-0.0052
SNP.84	0.0369	-0.0068	0.0142	0.0452	0.1132	0.0087
SNP.85	-0.0049	0.0039	-0.0044	0.0182	-0.0062	0.0115
SNP.86	-0.0042	-0.0069	-0.0046	-0.0061	0.0011	-0.0043
SNP.87	0.0147	0.0217	0.0292	-0.009	-0.0062	-0.0055
SNP.88	0.0061	0.0031	-0.0013	0.0392	-0.0039	0.0205
SNP.89	0.0151	0.0073	0.0105	-0.008	-0.0065	-0.0057
SNP.90	0.0058	-0.0043	-0.0031	-0.0042	0.0199	0.0038
SNP.91	0.0017	0.067	0.0184	0.0216	-0.0043	0.009
SNP.92	-0.0039	-0.0023	-0.0052	0.0097	-0.0034	0
SNP.93	0.003	0.0588	0.0092	0.0134	-0.0074	0.0137
SNP.94	0.0123	-0.0014	0.0163	0.0383	0.0755	-1e-04
SNP.95	0.0104	-0.0049	-0.0052	-6e-04	0.0126	-0.0032
SNP.96	-0.0042	-0.0037	-0.0048	-0.0092	-0.0052	-0.0043
SNP.97	-0.008	0.0185	-0.0052	0.009	-0.0067	0.019
SNP.98	-0.0064	0.0099	-7e-04	-0.0017	-0.0067	-0.0015
SNP.99	-0.0025	0.0239	0.0054	0.0552	-0.0071	0.0698
SNP.100	0.0066	-0.0025	-0.0045	0.0263	0.0022	0.0026
SNP.101	-0.0077	-0.0056	0.0023	-0.004	-0.0044	0.0101
SNP.102	0.008	-0.0068	0.0041	0.0119	-0.0062	0.0069
SNP.103	0.036	8e-04	0.0147	0.0064	-0.002	-0.0028
SNP.104	0.0206	0.0017	0.027	0.059	0.1105	0.002
SNP.105	0.0196	-0.0057	-0.0021	0.0307	0.0055	0.002
SNP.106	-0.0067	-0.0019	0.0182	-0.0088	0.004	9e-04
SNP.107	-0.0087	-0.007	-0.0031	-0.009	-0.0057	-0.0027
SNP.108	-0.0048	-0.0036	0.0519	-0.0089	0.0259	0.028
SNP.109	-0.009	-0.0013	-0.0016	-0.0019	-0.0027	-0.0056
SNP.110	0.0288	-0.0077	0.0019	0.0375	0.0712	-0.0023
SNP.111	-0.0063	-0.0068	0.0245	-0.0079	0.0409	0.0291
SNP.112	0.0039	-0.0022	0.0075	0.023	-0.0072	0.0266
SNP.113	0.0039	0.0032	0.0044	0.0358	-0.0073	0.0332
SNP.114	0.0071	0.0055	0.026	0.0452	0.0802	-0.0013
SNP.115	0.0025	-0.0072	-0.0052	0.002	0.005	-0.0057
SNP.116	-0.0068	5e-04	0.0038	-0.0072	0.0116	0.0266
SNP.117	-0.0063	0.0014	0.0022	0.0104	-0.0056	0.0256
SNP.118	-8e-04	0.0136	-0.0052	-0.0061	-5e-04	0.0133
SNP.119	-0.004	-0.0068	0.0057	-0.0044	-0.006	0.0054
SNP.120	0.0039	-0.0067	-0.0029	2e-04	-0.0031	-0.0046
SNP.121	-6e-04	0.0079	0.0807	-0.0079	0.0365	0.0253
SNP.122	-0.0071	0.0068	-0.0046	-0.0031	-0.0036	0.0133
SNP.123	0.0559	0.0186	0.0787	2e-04	-0.0056	0.0124
SNP.124	0.0171	-0.0028	0.0114	0.0406	0.0737	-0.0014
SNP.125	-0.005	-0.002	-0.0011	-0.0092	-0.0074	-0.0056
SNP.126	-0.0034	-0.0053	-0.0019	-0.0083	-0.0072	-0.0054
SNP.127	-0.0053	-0.0034	0.001	0.0046	-0.0067	0.0134
SNP.128	0.0189	0.0681	-0.0042	0.0037	0.0298	0.084
SNP.129	-0.0082	-0.0044	0.0188	-0.0079	0.0122	0.0056
SNP.130	0.0039	0.0051	-0.0045	0.0392	2e-04	0.0125
SNP.131	0.0067	-0.0026	0.015	0.0264	0.0619	6e-04
SNP.132	-0.0066	0.054	-0.0021	0.0345	-0.0069	0.0324
SNP.133	-0.0089	-0.007	0.0097	-0.0093	0.0077	0.011
SNP.134	0.0558	-0.002	0.0087	0.0254	0.0119	-0.0033
SNP.135	0.0261	-0.0065	0.0028	0.0171	0.0022	-0.0015
SNP.136	0.0187	0.0087	7e-04	-0.0068	0.05	0.0343
SNP.137	-0.0072	-0.0069	0.0063	-0.0063	0.0139	0.0027
SNP.138	0.029	0.0087	0.0937	-0.0039	0.0087	0.0328
SNP.139	0.0466	-0.0061	0.0218	0.0362	-0.0022	0.0145
SNP.140	0.1051	0.008	-0.0034	0.0394	0.0813	9e-04
SNP.141	0.0322	-0.0068	-0.0015	0.0409	0.013	9e-04
SNP.142	-6e-04	0.0485	-0.0027	0.0921	0.0109	0.0296
SNP.143	-0.0083	0.0033	0.0358	0.0021	0.0356	0.0049
SNP.144	-0.0081	0.012	0.0066	0.0161	0.0094	-0.0046
SNP.145	-0.0044	-0.0016	-0.0025	0.0093	0.0058	-0.0052
SNP.146	-0.0078	0.0241	0.0123	0.0132	0.0037	-0.0035
SNP.147	-0.0029	-0.0052	-0.0022	0.0046	0.0094	-0.0054
SNP.148	-0.0057	-0.0041	-0.0012	0.0025	-0.0072	0.0079
SNP.149	-0.0087	-0.0062	-0.0049	-0.0091	-0.0069	-0.0039
SNP.150	-0.0033	-0.0028	0.0087	0.0093	0.0282	-0.0027
SNP.151	0.0169	-0.006	0.0024	0.0264	-0.0018	0.0077
SNP.152	-0.0053	-0.0042	0.0082	-0.0091	-0.0039	-0.0015
SNP.153	0.0095	-0.0036	-0.002	-0.0031	-9e-04	-0.0055
SNP.154	-0.0018	-0.004	-9e-04	0.0093	0.0141	-0.0055
SNP.155	-0.0054	-0.007	-0.0047	-0.0054	-0.0061	-0.005
SNP.156	9e-04	0.0052	-0.0048	-0.009	0.0059	0.0106
SNP.157	-0.0054	-0.0069	-0.0014	-0.0072	0.0067	-1e-04
SNP.158	-0.0074	-0.0028	-0.0043	-0.0083	-0.0028	0.0035
SNP.159	0.0252	-0.0066	0.0323	0.023	-0.007	0.0301
SNP.160	-0.0044	-0.0042	0.0037	0.0042	0.0173	-0.0038
SNP.161	-0.0086	0.0232	0.0013	0.024	6e-04	0.0032
SNP.162	-0.007	-8e-04	0	0.0046	-0.0061	0.0165
SNP.163	-0.0044	0.0061	0.0138	0.0222	0.0326	-0.005
SNP.164	0.0264	-0.0027	8e-04	0.0543	0.0612	-0.0056
SNP.165	-0.0072	0.0277	-7e-04	0.0132	-0.0065	0.0088
SNP.166	-0.0074	-0.0055	0.0012	-0.0038	-0.0055	0.0081
SNP.167	0.0133	-0.0031	-0.0048	-0.0017	0.0096	-0.0038
SNP.168	0.0292	0.0655	0.0127	-0.0031	-0.0035	0.0136
SNP.169	0.0163	-0.0031	-0.0048	2e-04	0.0125	-0.0036
SNP.170	0.1238	-0.0061	0.0052	0.141	0.0641	0.0104
SNP.171	0.0734	-0.0055	0.0251	0.0951	0.0065	0.0391
SNP.172	-0.0077	0.008	0.0296	-5e-04	0.0175	-0.0014
SNP.173	-0.0085	0.021	0.0198	0.0153	0.0143	-0.0054
SNP.174	0.0137	-0.001	0.0109	0.0416	0.067	-0.0032
SNP.175	-0.0042	-0.0014	-0.0042	-0.0089	0.0021	0.0054
SNP.176	-0.0079	0.0061	0.0017	0.0097	0.0039	-0.0047
SNP.177	0.0139	-0.0038	0.0224	0.0331	-0.0067	0.0431
SNP.178	0.0184	0.0259	-0.0021	-0.0088	0.0049	0.0107
SNP.179	0.0032	-0.0066	0.0323	0.0017	0	0.0301
SNP.180	-0.0057	-0.0067	-0.004	-0.008	5e-04	-0.0028
SNP.181	0.0298	0.0104	-0.0049	0.0951	0.0251	0.0161
SNP.182	-0.0084	-0.0063	0.0017	-0.008	-0.0016	0.0052
SNP.183	0.036	-0.0048	0.0099	0.0182	9e-04	2e-04
SNP.184	-0.0075	0.0276	0.0381	0.0334	0.0447	-0.0051
SNP.185	0.0163	-0.0031	-0.002	2e-04	0.0032	-0.0056
SNP.186	-0.0038	-0.0043	-0.0032	0.0052	-0.0066	0.0031
SNP.187	0.0098	-0.003	0.0238	0.0298	-0.0054	0.0479
SNP.188	0.0142	-5e-04	-0.0028	-0.0041	0.0029	-0.0047
SNP.189	-0.0062	-0.0014	-0.0046	0.0073	-0.0013	-0.0035
SNP.190	-0.0083	-0.0054	-0.0034	-0.0054	-0.0033	-0.0058
SNP.191	0.0086	0.0296	0.0332	-0.0054	-0.0029	-0.0056
SNP.192	0.0169	-0.0051	0.0167	0.0044	0.0847	0.0307
SNP.193	0.0026	0.0442	0.0052	0.0059	-0.0073	0.0103
SNP.194	-0.0077	0.0151	0.0375	0.0182	0.0425	-0.0021
SNP.195	-4e-04	0.048	0.0052	0.012	-0.0073	0.0125
SNP.196	0.0048	-0.004	-0.005	-0.0054	0.0087	-0.0013
SNP.197	2e-04	-0.0064	-0.004	0.0046	-0.0038	-0.0023
SNP.198	-0.0081	-0.0018	-9e-04	-0.0064	2e-04	0.0127
SNP.199	0.0133	-0.0042	-0.0042	2e-04	0.0067	-0.0051
SNP.200	-0.0064	-0.0044	0.0052	-0.0091	-0.0042	-0.0029
SNP.201	0.0014	-0.0068	-0.0051	0.0025	0.0025	-0.0055
SNP.202	-0.0053	-0.0059	0.0071	-0.0084	-0.0045	7e-04
SNP.203	9e-04	-0.0069	-0.0051	0.0015	0.0014	-0.0055
SNP.204	0.0031	-0.0062	-0.0051	0.0093	0.0024	-0.0042
SNP.205	0.0014	-0.0058	-0.0046	-0.0047	-0.0013	-0.0055
SNP.206	0.0098	-0.006	-0.0052	0.0018	0.0111	-0.0047
SNP.207	-0.0086	0.0053	0.0092	0.0058	0.0048	0.0466
SNP.208	-0.0049	0.0048	-0.002	-0.0068	-0.0073	-0.0029
SNP.209	0.0053	-0.005	0.0163	-0.0035	0.061	0.0305
SNP.210	0.0441	-0.0047	4e-04	0.0666	0.0173	0.009
SNP.211	-0.0084	-0.0052	0.0329	-0.0079	0.0281	0.0183
SNP.212	-0.0028	0.0232	-0.0049	6e-04	-6e-04	0.0265
SNP.213	-0.006	-0.0037	-0.0051	-0.0091	-0.0039	-0.0015
SNP.214	0.0015	0.0231	0.0367	-0.0034	0.0043	-0.0046
SNP.215	0.0098	0.0025	-0.0033	-0.0074	0.0013	-0.0028
SNP.216	-0.0066	0.0205	-0.0049	0.0352	-0.0035	0.0167
SNP.217	-0.0082	-0.0056	-0.0014	-0.0089	-6e-04	0.0037
SNP.218	-9e-04	0.0113	0.0082	-0.0068	-0.0065	-0.0052
SNP.219	-0.0084	-0.0065	-2e-04	-0.0091	-0.0042	-0.0031
SNP.220	-0.0076	-0.007	-0.0014	-0.0079	-0.0065	-0.0015
SNP.221	-0.0054	0.0106	0.003	-0.0032	-0.0061	-0.0039
SNP.222	-0.0063	-0.0057	-0.0049	-0.0088	-0.0031	-0.0029
SNP.223	0.002	0.0272	-0.0047	-0.0019	0.0081	0.0365
SNP.224	-0.0083	0.0196	0.0204	0.0075	0.0085	-0.0057
SNP.225	0.0033	0.0103	-0.0033	-0.0086	0.0162	0.0251
SNP.226	-0.0076	-0.0068	-0.0028	-0.0088	-5e-04	-0.0016
SNP.227	-0.0053	-0.0016	-0.0051	-0.0089	-0.0035	2e-04
SNP.228	-0.0062	-0.0041	0.0087	-0.0092	-0.0025	-0.0015
SNP.229	0.0239	0.0182	-0.0052	0.1024	0.027	0.0179
SNP.230	-0.0082	-0.0064	-0.0024	-0.0068	-0.0063	8e-04
SNP.231	0.0499	0.0321	0.0379	-0.0071	-0.0061	-0.0055
SNP.232	0.0014	0.0095	-0.0046	-0.0083	0.0072	0.0165
SNP.233	0.003	-0.0071	-5e-04	0.0039	-0.0058	-1e-04
SNP.234	-0.0023	0.0016	-0.005	0.0208	-0.0032	0.006
SNP.235	-0.0013	-0.0054	-0.0051	0.007	0.0028	-0.0051
SNP.236	-0.0076	-0.0019	-0.0041	-0.0077	-0.0029	0.0052
SNP.237	0.0312	0.0442	0.0437	-0.0085	-0.0068	-0.0057
SNP.238	0.0102	-0.0065	-0.0042	0.0136	0.004	-0.0036
SNP.239	0.0014	0.041	-0.0032	0.0058	-0.0042	0.0253
SNP.240	-0.0079	0.008	-0.0031	0.0132	-0.0021	4e-04
SNP.241	-0.0026	0.0521	-0.0043	0.0916	0.0041	0.0401
SNP.242	0.0196	0.0239	-0.0049	-0.0089	0.0171	0.0212
SNP.243	0.0066	0.0176	7e-04	-0.0082	-0.0052	8e-04
SNP.244	-0.0058	-0.0016	0	0.0078	0.0092	-0.0055
SNP.245	-0.0041	-7e-04	-0.0044	-0.0093	0.0027	0.007
SNP.246	-0.0091	-0.0062	-0.0052	-0.0094	-0.0079	-0.0052
SNP.247	-0.0058	0.0384	0.0033	0.0167	0.0145	0.086
SNP.248	0.0419	0.0152	-8e-04	-0.0032	0.0192	0.0018
SNP.249	-0.0062	0.0239	0.0054	0.0412	-0.0045	0.0698
SNP.250	-9e-04	0.0145	-0.0013	0.0449	0.0149	0.0016

Fst

Loci	sid98,  vs  sid75,	sid98,  vs  sid50,	sid98,  vs  sid1,	sid75,  vs  sid50,	sid75,  vs  sid1,	sid50,  vs  sid1,
SNP.1	-0.009	-0.0056	-0.0042	0.0151	-0.0145	0.0172
SNP.2	-0.0097	-0.014	-0.0027	-0.0077	-0.0155	-9e-04
SNP.3	-0.0036	-0.0063	0.0317	-0.0182	-0.0077	0.0028
SNP.4	-0.0158	0.0161	-0.0022	0.0267	0.0021	-0.0042
SNP.5	-0.0165	-0.005	-0.0047	-0.0018	-0.0131	0.0172
SNP.6	-0.0092	-0.0043	-3e-04	0.017	0.0212	-0.0114
SNP.7	-0.0113	-0.0122	0.0213	-0.0031	-0.0043	0.0376
SNP.8	-0.0099	-0.0137	-1e-04	-0.0136	-0.0144	-0.0043
SNP.9	-0.0168	-0.0089	-0.006	-0.016	-0.0064	0.0077
SNP.10	0.164	-0.0116	-0.0024	0.1287	0.1047	-0.0103
SNP.11	-0.0026	-0.0126	0.002	0.0069	-0.0146	0.0107
SNP.12	-0.0076	-0.0061	0	0.017	0.0253	-0.0113
SNP.13	-0.0046	-0.0128	0.0094	0.0031	0.0472	2e-04
SNP.14	0.0212	-4e-04	-0.0099	-0.0117	0.0322	0.0076
SNP.15	-0.0169	0.0161	-0.0098	0.0052	-0.0127	0.0269
SNP.16	-0.017	-0.0121	-0.0104	-0.0183	-0.0146	-0.0099
SNP.17	0.087	-0.0109	0.0147	0.0544	0.0146	-0.0011
SNP.18	-0.0185	-5e-04	-0.0112	-5e-04	-0.015	0.0038
SNP.19	-0.0165	-0.0144	-0.0069	-0.017	-0.0054	-0.0093
SNP.20	-0.0048	0.0234	0.0049	-0.0116	-0.0146	-0.0067
SNP.21	0.0428	-0.0033	-0.0065	0.0991	0.0189	0.017
SNP.22	-0.0053	0.0113	-0.0073	-0.0166	0.013	0.0343
SNP.23	0.0263	0.0145	-2e-04	-0.0167	-0.0027	-0.0067
SNP.24	-0.0118	-0.0027	-0.0044	0.0148	-0.0148	0.0226
SNP.25	-0.0131	0.0675	-0.01	0.0316	-0.0065	0.0814
SNP.26	-0.015	-0.0121	-0.0076	-0.0183	-0.0147	-0.0112
SNP.27	0.0124	-0.0049	-0.0104	0.0516	0.013	-0.0013
SNP.28	0.0416	-0.0112	0.007	0.0175	-0.0026	-0.0053
SNP.29	-0.0176	-0.0113	0.0027	-0.0159	-0.0017	0.0166
SNP.30	0.0307	0.0123	-0.0103	0.1191	0.0288	0.0178
SNP.31	0.0153	0.0771	-0.0044	-0.002	-0.0039	0.0409
SNP.32	-0.0175	-0.0142	-0.0091	-0.0182	-0.0126	-0.0104
SNP.33	-0.0121	0.0401	0.0072	0.0759	-0.0124	0.1138
SNP.34	-0.0175	-0.0096	-9e-04	-0.0148	-0.0033	0.0158
SNP.35	-0.0175	-0.0096	-0.0105	-0.0108	-0.0144	-0.0076
SNP.36	0.0168	-0.0122	-0.0097	0.0324	0.0098	-0.0066
SNP.37	0.0099	0.0029	-0.0055	-0.0172	-0.0057	-0.0078
SNP.38	-0.0174	-0.0024	-7e-04	-0.0087	-0.0068	-0.0113
SNP.39	-0.0121	-0.0115	0.0048	-0.0181	-0.0128	-0.0058
SNP.40	-0.0184	0.0095	-0.0109	-0.0032	-0.0145	0.0159
SNP.41	-0.009	7e-04	-0.0088	-0.0177	-0.0121	-0.0049
SNP.42	0.0022	0.0216	0.0121	-0.0158	-0.0145	-0.0097
SNP.43	-0.0166	0.0309	-0.0101	0.0399	-0.0123	0.0259
SNP.44	0.0271	-0.0063	-0.0104	-0.0025	0.0286	-0.004
SNP.45	-0.0046	0.0175	0.0038	-0.0139	-0.0146	-0.0078
SNP.46	-0.0106	-0.0124	0.0163	-0.0167	0.0441	0.0298
SNP.47	0.0081	-0.0048	-0.0071	0.0513	-0.0063	0.0164
SNP.48	0.002	0.0672	-0.0023	0.0049	-0.0124	0.0282
SNP.49	-0.0028	-0.0131	0.019	-0.01	-0.013	0.0093
SNP.50	-0.0048	-0.0017	-0.0088	0.0304	0.0081	-0.0061
SNP.51	0.0234	0.0034	0.0085	0.088	0.0948	-0.0112
SNP.52	0.0053	0.0561	0.002	-0.0039	-0.0131	0.0135
SNP.53	0.0598	0.029	0.0288	-0.0128	-0.0078	-0.0112
SNP.54	0.0381	-0.0145	-0.0101	0.035	0.0313	-0.0114
SNP.55	0.0265	0.0068	0.01	-0.0139	-0.0101	-0.0113
SNP.56	-0.0165	-0.0138	0.0137	-0.0182	0.0201	0.017
SNP.57	0.0064	-0.0139	0.0088	0.0063	-0.0144	0.0086
SNP.58	-0.016	-0.0122	-0.0101	-0.0116	-0.0115	-0.0108
SNP.59	-0.0131	0.0084	0.0169	0.0281	-0.0049	0.0812
SNP.60	-0.0112	-0.013	-0.0101	-0.0176	-0.0111	-0.0113
SNP.61	-0.0175	-0.0063	-0.007	-0.0118	-0.0102	0.0102
SNP.62	-0.015	-0.0027	-0.001	-0.0151	-0.0124	-0.0112
SNP.63	-0.0124	-0.0082	0.0027	-0.0183	-0.0127	-0.0098
SNP.64	-0.0168	0.0213	-0.0105	0.0296	-0.0139	0.0238
SNP.65	-0.01	0.0311	-0.0054	-0.0017	-0.0145	0.0091
SNP.66	-0.0177	-0.0062	-0.0075	-0.0112	-0.0116	0.0093
SNP.67	-0.0106	-0.0076	-0.0094	0.0078	-0.0121	0.001
SNP.68	-0.0099	-0.0137	-1e-04	-0.0136	-0.0144	-0.0043
SNP.69	0.0109	-0.0088	-0.0097	-0.009	0.0052	-0.0093
SNP.70	-0.0086	-0.0094	0.0104	0.0087	-0.0128	0.0333
SNP.71	-0.0027	0.0058	-0.0071	0.0484	-0.0105	0.0274
SNP.72	-0.0103	-0.0143	-0.0098	-0.011	-0.0018	-0.0107
SNP.73	0.0022	-0.0114	-0.0047	0.0183	-0.0104	0.0048
SNP.74	-0.0026	-0.0104	-0.0023	0.0148	0.0297	-0.0107
SNP.75	-0.0169	-0.0139	-0.0098	-0.0176	-0.0127	-0.011
SNP.76	-0.0169	-0.0061	-0.0048	-0.0138	-0.0118	-0.0112
SNP.77	-0.0142	-0.0059	-0.0062	-0.0175	3e-04	0.0125
SNP.78	-0.0017	0.0318	0.0554	-0.0108	0.0032	-0.0094
SNP.79	-0.0174	0.0032	-0.0102	0.0042	-0.0149	0.0111
SNP.80	-0.0173	-0.0124	-0.0095	-0.017	-0.014	-0.0112
SNP.81	0.0048	-0.0126	-0.0102	0.0166	0.0111	-0.0108
SNP.82	-0.0026	0.0085	-0.0058	-0.0175	0.021	0.0355
SNP.83	-0.004	-0.0121	-0.006	-0.0134	-0.0123	-0.0109
SNP.84	0.0297	-0.0139	0.0092	0.0377	0.1054	0.0033
SNP.85	-0.0137	-0.003	-0.0096	0.009	-0.0137	0.0059
SNP.86	-0.013	-0.0139	-0.0098	-0.0153	-0.0062	-0.0099
SNP.87	0.0064	0.0148	0.0241	-0.0184	-0.0135	-0.0114
SNP.88	-0.0026	-0.0038	-0.0066	0.0304	-0.0114	0.015
SNP.89	0.0066	4e-04	0.0054	-0.0172	-0.014	-0.0115
SNP.90	-0.0027	-0.0116	-0.0084	-0.0139	0.0128	-0.0021
SNP.91	-0.0069	0.061	0.014	0.0123	-0.0119	0.0034
SNP.92	-0.0128	-0.0094	-0.0105	5e-04	-0.0108	-0.0057
SNP.93	-0.006	0.052	0.004	0.0046	-0.015	0.0084
SNP.94	0.0037	-0.0085	0.0117	0.0292	0.0688	-0.0057
SNP.95	0.0016	-0.0119	-0.0105	-0.0099	0.0052	-0.0089
SNP.96	-0.013	-0.0107	-0.01	-0.0185	-0.0127	-0.01
SNP.97	-0.0168	0.0121	-0.0105	3e-04	-0.0141	0.0138
SNP.98	-0.0154	0.0029	-0.006	-0.011	-0.0142	-0.0072
SNP.99	-0.0114	0.0191	1e-04	0.0494	-0.0147	0.0657
SNP.100	-0.0022	-0.0098	-0.01	0.0176	-0.0053	-0.0031
SNP.101	-0.0167	-0.0128	-0.003	-0.0134	-0.012	0.0045
SNP.102	-8e-04	-0.014	-0.0011	0.0025	-0.0138	0.0013
SNP.103	0.0275	-0.0063	0.0095	-0.0025	-0.0096	-0.0085
SNP.104	0.014	-0.0053	0.0217	0.0529	0.1034	-0.0036
SNP.105	0.0109	-0.0131	-0.0074	0.0218	-0.0018	-0.0036
SNP.106	-0.0158	-0.0091	0.0129	-0.0184	-0.0035	-0.0048
SNP.107	-0.0174	-0.0142	-0.0084	-0.0183	-0.0131	-0.0085
SNP.108	-0.0141	-0.0112	0.0466	-0.0185	0.0186	0.0222
SNP.109	-0.0185	-0.0084	-0.0069	-0.0119	-0.0107	-0.0115
SNP.110	0.019	-0.016	-0.004	0.0272	0.0623	-0.0089
SNP.111	-0.0151	-0.0138	0.0199	-0.0172	0.0343	0.024
SNP.112	-0.0048	-0.0093	0.0024	0.0139	-0.0147	0.021
SNP.113	-0.0051	-0.0038	-9e-04	0.0272	-0.0149	0.0279
SNP.114	-0.001	-0.0015	0.0208	0.0377	0.0731	-0.0071
SNP.115	-0.0063	-0.0144	-0.0105	-0.0073	-0.0023	-0.0115
SNP.116	-0.0157	-0.0065	-0.0014	-0.0167	0.0042	0.021
SNP.117	-0.0151	-0.0057	-0.0029	0.0011	-0.0132	0.0201
SNP.118	-0.0096	0.0066	-0.0104	-0.0156	-0.0079	0.0076
SNP.119	-0.0128	-0.014	5e-04	-0.0136	-0.0133	-2e-04
SNP.120	-0.0048	-0.0137	-0.0081	-0.009	-0.0104	-0.0103
SNP.121	-0.0092	0.0013	0.0756	-0.0172	0.0297	0.0201
SNP.122	-0.0158	-2e-04	-0.0099	-0.0122	-0.011	0.0077
SNP.123	0.0483	0.0124	0.0736	-0.009	-0.0132	0.0069
SNP.124	0.0096	-0.0098	0.0062	0.0331	0.0668	-0.0071
SNP.125	-0.0139	-0.009	-0.0063	-0.0185	-0.015	-0.0113
SNP.126	-0.0122	-0.0124	-0.0071	-0.0177	-0.0146	-0.0112
SNP.127	-0.014	-0.0103	-0.0041	-0.0045	-0.0142	0.0079
SNP.128	0.0103	0.0616	-0.0095	-0.0051	0.0228	0.0784
SNP.129	-0.0171	-0.0115	0.0137	-0.0172	0.005	0
SNP.130	-0.0048	-0.0017	-0.0096	0.0304	-0.0072	0.0071
SNP.131	-0.0019	-0.0097	0.0105	0.0172	0.0555	-0.005
SNP.132	-0.0157	0.0471	-0.0074	0.0254	-0.0145	0.0267
SNP.133	-0.0179	-0.0141	0.0045	-0.0189	2e-04	0.0053
SNP.134	0.0472	-0.009	0.0036	0.0166	0.0048	-0.009
SNP.135	0.0172	-0.0137	-0.0024	0.0077	-0.0054	-0.0073
SNP.136	0.0104	0.0018	-0.0045	-0.0166	0.0427	0.0287
SNP.137	-0.016	-0.0141	0.0011	-0.0156	0.0066	-0.003
SNP.138	0.0234	0.0028	0.0896	-0.0132	0.0014	0.0271
SNP.139	0.0379	-0.0134	0.0167	0.0268	-0.0098	0.0088
SNP.140	0.0979	0.001	-0.0087	0.033	0.0751	-0.0048
SNP.141	0.0242	-0.0142	-0.0067	0.0322	0.006	-0.0051
SNP.142	-0.0094	0.0414	-0.008	0.083	0.004	0.0238
SNP.143	-0.0174	-0.0037	0.0306	-0.007	0.0284	-6e-04
SNP.144	-0.0169	0.0051	0.0014	0.0069	0.0021	-0.0104
SNP.145	-0.0133	-0.0086	-0.0077	3e-04	-0.0014	-0.0108
SNP.146	-0.0166	0.0172	0.0071	0.0042	-0.0036	-0.0093
SNP.147	-0.0116	-0.0122	-0.0074	-0.0045	0.0021	-0.0111
SNP.148	-0.0144	-0.0112	-0.0064	-0.0066	-0.0146	0.0023
SNP.149	-0.0177	-0.0133	-0.0101	-0.0186	-0.0144	-0.0096
SNP.150	-0.0122	-0.0098	0.0036	3e-04	0.0209	-0.0084
SNP.151	0.0083	-0.0131	-0.0028	0.0172	-0.0092	0.0021
SNP.152	-0.014	-0.0112	0.0031	-0.0183	-0.0112	-0.0072
SNP.153	0.001	-0.0107	-0.0073	-0.0122	-0.0082	-0.0113
SNP.154	-0.0106	-0.011	-0.006	3e-04	0.0068	-0.0112
SNP.155	-0.0142	-0.0141	-0.01	-0.0147	-0.0136	-0.0108
SNP.156	-0.0079	-0.0018	-0.01	-0.0185	-0.0015	0.0049
SNP.157	-0.0142	-0.0141	-0.0067	-0.0165	-6e-04	-0.0058
SNP.158	-0.0161	-0.0099	-0.0095	-0.0176	-0.0102	-0.0022
SNP.159	0.0166	-0.0139	0.0272	0.0139	-0.0145	0.0245
SNP.160	-0.0133	-0.0112	-0.0014	-0.0049	0.01	-0.0095
SNP.161	-0.0175	0.0163	-0.004	0.0151	-0.0067	-0.0025
SNP.162	-0.0158	-0.0078	-0.0052	-0.0045	-0.0136	0.011
SNP.163	-0.0133	-8e-04	0.0086	0.0132	0.0253	-0.0108
SNP.164	0.0196	-0.0098	-0.0045	0.0473	0.0551	-0.0113
SNP.165	-0.016	0.0207	-0.0059	0.0042	-0.0138	0.0032
SNP.166	-0.0162	-0.0126	-0.0039	-0.0131	-0.013	0.0024
SNP.167	0.0046	-0.0102	-0.01	-0.011	0.0022	-0.0095
SNP.168	0.0224	0.0601	0.0084	-0.0122	-0.0109	0.0079
SNP.169	0.0076	-0.0101	-0.0101	-0.009	0.0052	-0.0093
SNP.170	0.1176	-0.0134	0	0.1342	0.0599	0.0048
SNP.171	0.0657	-0.0127	0.0199	0.0867	-3e-04	0.0335
SNP.172	-0.0167	0.001	0.0245	-0.0099	0.0103	-0.0071
SNP.173	-0.0175	0.014	0.0147	0.006	0.007	-0.0113
SNP.174	0.0056	-0.0081	0.0058	0.0332	0.0597	-0.0089
SNP.175	-0.013	-0.0085	-0.0094	-0.0183	-0.0052	-2e-04
SNP.176	-0.0169	-0.001	-0.0035	5e-04	-0.0034	-0.0104
SNP.177	0.0052	-0.0109	0.0177	0.0238	-0.0146	0.0379
SNP.178	0.0099	0.019	-0.0074	-0.018	-0.0023	0.005
SNP.179	-0.0055	-0.0139	0.0272	-0.0075	-0.0074	0.0245
SNP.180	-0.0144	-0.0138	-0.0092	-0.0172	-0.0068	-0.0085
SNP.181	0.0226	0.0034	-0.0102	0.0867	0.019	0.0104
SNP.182	-0.0174	-0.0136	-0.0035	-0.0175	-0.0089	-4e-04
SNP.183	0.0275	-0.012	0.0047	0.0094	-0.0064	-0.0054
SNP.184	-0.0169	0.021	0.033	0.0246	0.0374	-0.0107
SNP.185	0.0076	-0.0101	-0.0073	-0.009	-0.0041	-0.0113
SNP.186	-0.0124	-0.0114	-0.0084	-0.0039	-0.014	-0.0025
SNP.187	0.0012	-0.01	0.0196	0.0208	-0.0132	0.0434
SNP.188	0.0053	-0.0077	-0.0082	-0.0136	-0.0045	-0.0105
SNP.189	-0.0152	-0.0088	-0.0101	-0.0024	-0.009	-0.0098
SNP.190	-0.0172	-0.0125	-0.0087	-0.0147	-0.0108	-0.0116
SNP.191	5e-04	0.0238	0.0288	-0.0147	-0.0104	-0.0113
SNP.192	0.0083	-0.0121	0.0129	-0.0048	0.0798	0.027
SNP.193	-0.006	0.0373	0	-0.0031	-0.0146	0.0048
SNP.194	-0.0172	0.0084	0.0324	0.0094	0.0353	-0.0077
SNP.195	-0.0092	0.0411	0	0.0031	-0.0148	0.0071
SNP.196	-0.004	-0.011	-0.0102	-0.0147	0.0013	-0.007
SNP.197	-0.0085	-0.0134	-0.0091	-0.0045	-0.0111	-0.0079
SNP.198	-0.0169	-0.0089	-0.006	-0.0158	-0.0072	0.0072
SNP.199	0.0046	-0.0112	-0.0094	-0.009	-6e-04	-0.0108
SNP.200	-0.0152	-0.0115	0	-0.0183	-0.0115	-0.0085
SNP.201	-0.0073	-0.0139	-0.0103	-0.0066	-0.0048	-0.0112
SNP.202	-0.014	-0.013	0.0019	-0.0176	-0.0118	-0.0049
SNP.203	-0.0079	-0.0139	-0.0103	-0.0078	-0.006	-0.0112
SNP.204	-0.0055	-0.0133	-0.0103	3e-04	-0.0049	-0.0098
SNP.205	-0.0073	-0.0128	-0.0098	-0.0139	-0.0086	-0.0111
SNP.206	0.0012	-0.0131	-0.0103	-0.0074	0.0039	-0.0104
SNP.207	-0.0174	-0.0015	0.004	-0.003	-0.0025	0.0411
SNP.208	-0.0136	-0.0022	-0.0072	-0.016	-0.0146	-0.0086
SNP.209	-0.0033	-0.012	0.0114	-0.0128	0.0538	0.0252
SNP.210	0.0361	-0.0117	-0.0048	0.0579	0.0106	0.0034
SNP.211	-0.0174	-0.0123	0.0278	-0.0172	0.021	0.0129
SNP.212	-0.0115	0.0162	-0.0103	-0.0085	-0.0078	0.0209
SNP.213	-0.0147	-0.0107	-0.0103	-0.0183	-0.0112	-0.0072
SNP.214	-0.0071	0.0169	0.032	-0.0126	-0.003	-0.0102
SNP.215	0.0012	-0.0046	-0.0084	-0.0172	-0.0061	-0.0087
SNP.216	-0.0153	0.0141	-0.0101	0.0268	-0.0108	0.0115
SNP.217	-0.0169	-0.0126	-0.0066	-0.0181	-0.0078	-0.0018
SNP.218	-0.0095	0.0043	0.0031	-0.016	-0.0138	-0.0109
SNP.219	-0.0171	-0.0135	-0.0053	-0.0183	-0.0116	-0.0088
SNP.220	-0.0162	-0.0139	-0.0065	-0.017	-0.0138	-0.0072
SNP.221	-0.0142	0.0036	-0.0021	-0.0124	-0.0134	-0.0096
SNP.222	-0.0151	-0.0128	-0.0101	-0.0182	-0.0104	-0.0086
SNP.223	-0.0067	0.0205	-0.01	-0.0112	8e-04	0.031
SNP.224	-0.0179	0.0123	0.0151	-0.0024	7e-04	-0.0118
SNP.225	-0.0057	0.0032	-0.0086	-0.0188	0.0086	0.0193
SNP.226	-0.0165	-0.0138	-0.008	-0.0182	-0.0079	-0.0073
SNP.227	-0.014	-0.0086	-0.0103	-0.0181	-0.0109	-0.0054
SNP.228	-0.015	-0.0112	0.0036	-0.0184	-0.0098	-0.0072
SNP.229	0.0153	0.012	-0.0104	0.0937	0.0197	0.0129
SNP.230	-0.017	-0.0136	-0.0076	-0.0161	-0.0137	-0.005
SNP.231	0.043	0.0265	0.0337	-0.0162	-0.0134	-0.0112
SNP.232	-0.0073	0.0025	-0.0099	-0.0176	0	0.0108
SNP.233	-0.0059	-0.0143	-0.0058	-0.0055	-0.0133	-0.0058
SNP.234	-0.0113	-0.0055	-0.0105	0.0119	-0.0109	4e-04
SNP.235	-0.0104	-0.0125	-0.0103	-0.0026	-0.005	-0.0108
SNP.236	-0.0162	-0.009	-0.0094	-0.017	-0.0104	-7e-04
SNP.237	0.0238	0.0381	0.039	-0.0178	-0.0141	-0.0115
SNP.238	0.0014	-0.0138	-0.0095	0.0043	-0.0035	-0.0094
SNP.239	-0.0073	0.0345	-0.0084	-0.003	-0.0115	0.0201
SNP.240	-0.0166	0.0011	-0.0083	0.0042	-0.0094	-0.0053
SNP.241	-0.0116	0.0462	-0.0095	0.0834	-0.0033	0.0352
SNP.242	0.0109	0.0169	-0.0104	-0.0183	0.0099	0.0156
SNP.243	-0.0022	0.0105	-0.0045	-0.0176	-0.0127	-0.005
SNP.244	-0.0148	-0.0087	-0.0053	-0.0016	0.0017	-0.0114
SNP.245	-0.0132	-0.0082	-0.0098	-0.0194	-0.005	9e-04
SNP.246	-0.0183	-0.0133	-0.0105	-0.0191	-0.0158	-0.0109
SNP.247	-0.0147	0.0325	-0.002	0.0086	0.0074	0.0803
SNP.248	0.0344	0.009	-0.0061	-0.0124	0.0123	-0.0038
SNP.249	-0.015	0.0191	1e-04	0.0353	-0.0118	0.0657
SNP.250	-0.0096	0.0075	-0.0065	0.0358	0.0075	-0.0042
